data/ASC/aspect.asc
ncols         526
nrows         626
xllcorner     -13649947.421443
yllcorner     4637615.7421359
cellsize      0.91307512910743
NODATA_value  -9999
[rows 588 to 615 of 626, columns 0 to 62 of 526]
-9999 352.1365 352.9144 353.8161 354.7661 355.6887 356.5217 357.2368 357.8704 358.4857 359.1014 359.6883 0.1146648 0.1325036 359.4707 357.8233 354.8159 349.9709 342.4576 330.1352 304.1605 246.0084 205.7193 190.3372 180.0647 173.5954 161.0312 138.5825 126.1953 123.0126 122.4956 122.4499 122.5533 122.6888 122.7938 122.8468 122.8691 122.8927 122.9051 122.8449 122.6426 122.2574 121.7075 121.0654 120.4305 119.927 119.6818 119.7844 120.2441 120.9667 121.8381 122.9517 124.7839 126.0496 125.0445 123.5984 122.7648 122.0995 121.5989 121.2924 121.0236 120.5643 119.8294
-9999 353.5024 354.6159 355.8875 357.238 358.593 359.8924 1.130556 2.379471 3.718235 5.161077 6.655942 8.009485 8.918646 9.088017 8.267024 6.299042 3.269707 359.5276 355.9754 8.316559 166.7528 167.1105 168.1055 164.5037 162.9957 158.2088 143.8581 132.7425 127.6451 125.4001 124.36 123.8572 123.588 123.4018 123.2341 123.0861 122.9843 122.9163 122.8161 122.6049 122.2315 121.6974 121.063 120.423 119.9017 119.6394 119.7569 120.2938 121.0961 121.7274 121.6536 122.1342 123.6234 124.0996 123.5599 122.8645 122.194 121.6625 121.3475 121.1671 120.8992 120.3573
-9999 355.2656 356.7845 358.5056 0.3533188 2.26125 4.184083 6.143884 8.244075 10.5909 13.1925 15.95246 18.62049 20.84815 22.31186 22.84031 22.73727 23.53395 29.64531 55.23269 107.6094 132.8067 143.0999 150.5221 151.1419 151.1951 149.9958 142.62 135.0054 130.2432 127.5125 125.9587 125.0476 124.4665 124.0374 123.6736 123.3635 123.1343 122.9807 122.8373 122.616 122.2523 121.7302 121.095 120.4331 119.8671 119.5493 119.6411 120.2853 121.4878 122.8542 123.1827 122.3756 122.5456 123.2625 123.2461 122.838 122.2803 121.7348 121.3382 121.1183 120.9402 120.5954
-9999 357.5332 359.5524 1.834844 4.316963 6.945372 9.704923 12.65474 15.91088 19.61124 23.75325 28.17382 32.60985 36.71595 40.16908 42.85757 45.47137 50.85659 64.62994 88.10323 108.7132 119.649 127.1841 135.6822 140.5778 142.4793 142.3459 138.9888 134.6087 131.0824 128.6415 127.0369 125.9726 125.2178 124.6205 124.1002 123.6459 123.2929 123.0504 122.8589 122.6229 122.2624 121.7432 121.0917 120.3823 119.7288 119.2821 119.216 119.7596 121.2161 123.7797 125.7241 125.1609 124.072 123.6557 123.3559 122.9786 122.5085 121.9852 121.5042 121.1535 120.917 120.6592
-9999 0.4531556 3.106293 6.10821 9.41167 12.9814 16.83839 21.073 25.79173 31.11136 36.98769 43.20807 49.55334 55.82172 61.85442 67.54516 73.05642 79.72353 89.70982 101.8418 112.2023 118.3611 122.5425 128.2867 133.4021 136.2376 136.9903 135.6752 133.3033 130.9464 129.0456 127.6396 126.6038 125.7928 125.0983 124.4635 123.8893 123.4206 123.0847 122.8368 122.5771 122.2101 121.6824 121.0002 120.223 119.4489 118.8055 118.4123 118.3602 118.7211 120.3474 122.756 123.8348 123.8692 123.7417 123.5457 123.2667 122.9099 122.4696 121.9713 121.4931 121.1031 120.7858
-9999 4.244733 7.712296 11.64772 16.01503 20.78437 25.98249 31.68151 37.92628 44.71273 51.91189 59.32817 66.88547 74.66869 82.85918 91.48686 99.71347 104.7757 105.1701 106.8594 112.1396 116.697 120.2727 124.9439 129.2799 132.1559 133.3808 133.1026 131.8925 130.4014 129.0275 127.901 126.9841 126.1904 125.4512 124.7366 124.0645 123.4906 123.0593 122.7446 122.449 122.0628 121.5158 120.7959 119.9509 119.0702 118.2738 117.6871 117.4557 117.7458 118.3861 119.9538 121.8718 122.9445 123.4831 123.6893 123.6566 123.4714 123.1701 122.7452 122.2223 121.6861 121.2213
-9999 9.235508 13.75436 18.88404 24.5671 30.72416 37.30258 44.27525 51.54877 58.97369 66.40982 73.80542 81.32553 89.36698 98.49311 109.236 121.0846 128.2574 119.0416 104.4289 103.6236 110.1325 116.7128 122.6569 126.9065 129.658 131.036 131.2509 130.6863 129.7705 128.8146 127.9543 127.1811 126.4384 125.6851 124.9148 124.1639 123.4974 122.9716 122.5798 122.2343 121.8158 121.2385 120.4796 119.5825 118.6376 117.7575 117.0231 116.4441 116.7859 117.9585 119.2938 120.8316 122.1453 123.1105 123.7521 124.0729 124.1402 124.0276 123.7473 123.2844 122.6908 122.0921
-9999 15.88466 21.74555 28.30779 35.40543 42.81977 50.3402 57.82709 65.10586 72.0394 78.61995 84.98183 91.46233 98.64204 107.4279 119.1901 135.4257 151.1538 147.2745 119.6734 111.6321 114.7232 118.7346 122.9653 126.2204 128.4335 129.648 130.007 129.7627 129.1997 128.542 127.8967 127.2557 126.5698 125.8149 125.0056 124.195 123.4537 122.8417 122.367 121.9574 121.4919 120.8738 120.0765 119.1498 118.2076 117.4055 116.9422 116.9286 116.7705 117.209 118.5973 120.112 121.5076 122.6724 123.6563 124.3633 124.7804 124.9337 124.8582 124.5376 123.9947 123.3511
-9999 24.78238 32.2178 40.21649 48.40591 56.39962 63.92296 70.86402 77.16222 82.85252 88.05716 92.97049 97.89004 103.328 110.353 121.2133 140.4889 163.4232 167.1953 145.1254 125.996 122.1461 123.0362 124.8774 126.7118 128.1192 128.9512 129.236 129.1099 128.7445 128.2828 127.7915 127.2521 126.6153 125.8638 125.0298 124.1805 123.3881 122.7083 122.1556 121.673 121.1467 120.4761 119.6354 118.6849 117.7521 116.9563 116.3363 116.5627 117.1262 117.471 118.1977 119.5456 120.9514 122.1353 123.3401 124.3603 125.1845 125.7016 125.9172 125.806 125.4015 124.8201
-9999 36.47866 45.35612 54.23264 62.59422 70.0908 76.62422 82.26642 87.15328 91.45685 95.33253 98.8988 102.2304 105.4043 108.9018 114.7371 131.3202 158.1947 164.4392 152.7718 136.2374 128.5385 126.9928 127.0763 127.6765 128.287 128.6745 128.786 128.6691 128.4049 128.0641 127.6732 127.2023 126.6021 125.8581 125.0148 124.1523 123.341 122.6247 122.0131 121.4609 120.8665 120.1328 119.2409 118.2819 117.443 116.9767 116.9918 116.8115 116.8955 117.5969 118.0567 118.885 120.0072 121.3424 122.7722 123.9496 125.166 126.0863 126.7018 126.8755 126.6865 126.2671
-9999 50.87142 60.33891 68.9429 76.34754 82.50468 87.5629 91.73717 95.26006 98.3628 101.2276 103.9303 106.3771 108.1819 108.9181 109.7577 119.603 141.5442 151.4886 148.6674 139.921 133.1124 130.103 128.951 128.6309 128.5978 128.591 128.5183 128.3682 128.1537 127.8851 127.5545 127.1242 126.5494 125.8196 124.9887 124.1468 123.3603 122.6557 122.0254 121.4248 120.7645 119.9566 118.9882 117.9714 117.0967 116.5328 117.0121 117.834 118.1752 118.6058 118.829 119.1993 119.5908 120.3947 121.6018 123.0518 124.661 125.882 126.9944 127.4955 127.6038 127.4542
-9999 66.55525 75.27985 82.55499 88.41003 93.03784 96.67991 99.55884 101.9237 104.0662 106.2398 108.6143 111.2379 113.7889 115.4576 116.9552 123.3739 134.4664 141.5137 141.8595 138.1322 134.0943 131.4926 130.0369 129.2642 128.8296 128.5443 128.3289 128.1453 127.9593 127.7343 127.4352 127.0247 126.47 125.767 124.9784 124.201 123.4948 122.8662 122.2815 121.6793 120.973 120.0838 119.0195 117.9538 117.2674 117.3058 117.6414 118.1989 118.9194 119.4174 119.7682 120.1989 120.3064 120.5521 120.9324 121.8615 123.2992 124.9747 126.7318 127.4392 127.9176 128.1752
-9999 81.23648 88.34689 93.98961 98.39265 101.771 104.3058 106.1622 107.5677 108.8532 110.3847 112.5261 115.6859 120.0388 124.0579 124.8857 127.2725 132.5947 136.4374 137.2936 135.8217 133.6206 131.7641 130.4361 129.527 128.8955 128.452 128.1524 127.9536 127.7917 127.5973 127.314 126.9106 126.3745 125.7148 125.0023 124.3394 123.7798 123.3074 122.8547 122.326 121.6172 120.6432 119.4017 118.0497 116.9726 117.1976 118.5448 119.3543 119.6965 120.116 120.495 120.8856 121.1355 121.4704 121.5319 121.8874 122.4617 123.714 125.6126 126.5364 127.4987 128.3266
-9999 93.21858 98.72832 103.0788 106.4831 109.074 110.9206 112.0699 112.6595 113.0303 113.6529 115.022 117.8516 123.2983 130.0794 130.4298 129.765 132.0631 133.9845 134.5955 133.9797 132.7607 131.4947 130.3956 129.5009 128.8031 128.293 127.961 127.7668 127.6289 127.4572 127.1831 126.7834 126.2674 125.6659 125.0632 124.5665 124.2234 123.9973 123.7787 123.4189 122.7782 121.7711 120.3775 118.7871 117.5467 116.5535 117.1246 118.5434 119.5382 120.3306 120.8684 121.3998 121.6937 121.9854 122.2387 122.6666 122.7831 123.1861 124.3757 125.076 126.4912 127.9839
-9999 102.2327 106.5905 110.1598 113.0774 115.3771 116.9844 117.7673 117.7088 117.1461 116.6581 116.5746 116.9039 120.3412 127.9537 131.1579 131.1648 131.9745 132.7988 133.0727 132.7173 131.9543 131.0427 130.1282 129.2913 128.5928 128.0727 127.743 127.5665 127.4519 127.296 127.0277 126.6329 126.1417 125.6107 125.1431 124.8545 124.7907 124.8991 125.0204 124.9193 124.4027 123.426 121.9117 119.6469 117.8262 116.889 117.0737 117.9647 118.9623 119.8697 120.8099 121.7242 122.0117 122.3365 122.6851 122.984 123.1997 123.6416 124.4283 124.3251 125.0426 126.6185
-9999 108.7845 112.4291 115.6319 118.4773 120.9268 122.7619 123.6128 123.1839 121.8192 120.6078 120.4438 120.2326 119.9884 124.3073 129.0234 130.7846 131.6447 132.1136 132.1928 131.8927 131.3134 130.5767 129.7698 128.9812 128.3041 127.8011 127.4914 127.3381 127.2457 127.1028 126.839 126.4507 125.9876 125.5284 125.1981 125.132 125.3862 125.9048 126.4717 126.6929 126.2573 125.3664 124.3967 122.6252 119.9427 118.3829 118.4297 118.8434 119.4714 119.9578 120.6737 121.6742 122.0347 122.5439 123.0799 123.3348 123.6184 124.1308 124.7611 124.3873 124.1726 124.9171
-9999 113.4344 116.6684 119.7684 122.8123 125.7519 128.2843 129.7681 129.3749 127.1775 124.9399 125.827 129.5735 128.7159 127.8811 129.8142 131.0303 131.6067 131.8028 131.709 131.3651 130.8242 130.1454 129.3829 128.622 127.9687 127.4919 127.2086 127.0779 127.0028 126.8703 126.612 126.2312 125.7929 125.3907 125.166 125.284 125.8383 126.8129 127.9566 128.5815 127.8731 126.3296 125.7977 125.2185 122.9953 120.8115 119.9505 119.9808 120.4813 120.7778 121.0733 121.7149 121.9211 122.6805 123.537 123.6332 123.9178 124.4047 124.7431 124.5723 124.3476 124.3789
-9999 116.6325 119.5986 122.6922 126.0307 129.6493 133.289 136.113 136.4797 133.6661 128.397 127.1821 132.022 133.3205 131.903 131.7469 131.878 131.909 131.7799 131.4863 131.0361 130.4495 129.7544 128.99 128.2381 127.6051 127.155 126.8952 126.7805 126.7169 126.595 126.3466 125.9758 125.5538 125.1747 124.9807 125.1662 125.8994 127.3025 129.2403 130.7053 129.3741 124.9755 122.1833 121.9121 121.4985 120.5485 120.2308 120.4123 120.7518 121.28 121.8937 122.6804 122.6041 122.9151 123.6974 123.6942 124.1255 124.7971 125.0458 124.9409 124.6664 124.2022
-9999 118.7317 121.4352 124.4633 127.9961 132.2359 137.1614 142.0193 144.02 142.826 136.7121 131.8913 133.2264 134.3401 133.7554 133.1677 132.7218 132.3201 131.8932 131.3964 130.8105 130.1366 129.3878 128.5966 127.8411 127.2227 126.7943 126.5502 126.4426 126.3855 126.2764 126.0466 125.6961 125.2867 124.8893 124.6162 124.6589 125.2709 126.8459 129.7613 133.3889 133.0341 126.2571 120.9033 119.9764 120.4464 120.1338 119.9075 120.008 120.5076 121.3734 122.2501 123.3893 123.625 123.7263 124.0789 123.7077 124.3489 125.4885 125.6475 125.5516 125.1482 124.1521
-9999 120.0373 122.409 125.1965 128.63 133.1029 139.0094 146.2145 149.3307 149.3878 145.3383 139.1874 137.0191 136.131 135.144 134.2107 133.3997 132.6893 132.0237 131.3431 130.6155 129.8388 129.0228 128.1973 127.4342 126.8252 126.4114 126.1738 126.0636 126.0064 125.9113 125.7135 125.4073 125.0335 124.611 124.1673 123.7985 123.7321 124.6369 127.8559 134.8381 138.0903 129.6565 123.5482 122.245 121.9992 121.4096 120.8442 120.2739 120.1901 120.7468 121.7797 123.1136 123.958 124.9026 125.6168 124.917 124.936 126.0586 126.3683 126.5077 126.2676 125.3074
-9999 120.8513 122.8168 125.1726 128.1313 132.1768 138.1427 146.9104 151.0155 150.4775 147.6696 142.7253 139.6305 137.6906 136.1889 134.9343 133.8626 132.9341 132.0903 131.259 130.4022 129.5234 128.641 127.7849 127.0163 126.4146 126.0074 125.7624 125.6346 125.5679 125.4871 125.3372 125.1146 124.8416 124.4781 123.9165 123.0136 121.6227 120.1306 120.4538 128.1364 138.0255 133.5902 127.4418 125.2019 123.9818 123.0738 122.4633 121.6295 120.9874 120.6227 120.989 122.0668 123.5127 125.2925 126.3815 126.2504 126.1138 126.8423 127.3708 127.8472 128.0731 127.8173
-9999 121.4527 123.0171 124.9004 127.248 130.51 135.961 144.2377 148.9056 148.7336 146.7094 143.4356 140.6501 138.4956 136.76 135.3149 134.0829 133.0137 132.0455 131.0985 130.1344 129.1671 128.2283 127.3519 126.586 125.9916 125.5825 125.3146 125.148 125.0514 124.9739 124.8763 124.7744 124.6982 124.593 124.2563 123.2861 120.8738 116.3598 111.6089 114.9513 127.8466 133.1117 130.1476 126.9826 125.1065 123.9561 123.2221 122.5864 122.1426 121.5128 121.2738 121.4723 122.5214 124.3662 125.4089 126.179 127.0055 127.7249 128.3515 129.181 130.0062 130.6977
-9999 122.0634 123.341 124.9163 126.9297 129.7809 134.5665 140.9052 144.9909 145.7979 144.739 142.6714 140.4982 138.5351 136.8199 135.3357 134.0453 132.909 131.8669 130.8402 129.7947 128.7588 127.7797 126.8957 126.1418 125.556 125.1363 124.8292 124.5972 124.4358 124.3281 124.2573 124.2732 124.4531 124.8136 125.2232 125.2839 123.7309 118.2096 109.6956 106.1678 112.1709 121.051 124.5685 124.5218 123.8809 123.2528 122.9116 122.6357 122.3949 122.0992 122.0389 121.8573 122.1312 123.2895 124.0344 125.4224 127.1195 127.8973 128.6413 129.8303 131.2595 132.6583
-9999 122.7903 123.9083 125.3508 127.2779 129.9851 133.8799 138.3804 141.6031 142.7907 142.463 141.2315 139.6445 138.0035 136.4451 135.0301 133.7637 132.6228 131.5539 130.4848 129.3862 128.3026 127.2994 126.4196 125.6857 125.1099 124.6717 124.3081 123.9808 123.7083 123.5114 123.3993 123.4533 123.8167 124.6407 126.0493 128.0695 129.8037 126.6001 116.6935 107.9092 106.223 110.254 115.28 118.3954 119.9619 120.7937 121.3502 121.6436 121.8678 121.946 122.0331 122.138 122.6131 123.6194 123.8258 124.7152 126.5587 127.4655 128.2925 129.7866 131.6646 132.9455
-9999 123.6173 124.6341 125.9905 127.8067 130.2258 133.2893 136.5195 138.9749 140.1674 140.2486 139.5627 138.4427 137.1252 135.7686 134.4755 133.2841 132.1828 131.1239 130.0442 128.9194 127.8082 126.7949 125.9281 125.2192 124.6557 124.1946 123.7612 123.3118 122.8801 122.5194 122.2622 122.2029 122.5199 123.4609 125.4274 129.128 135.3559 136.3019 123.7835 113.5679 109.5921 109.3436 111.043 113.2352 115.2061 116.9141 118.4193 119.6228 120.5185 121.0594 121.5338 122.0125 122.796 123.9309 124.264 124.7047 126.0646 126.9326 127.4615 129.2302 131.7602 131.5456
-9999 124.4806 125.4032 126.6457 128.275 130.3259 132.7136 135.0887 136.9469 137.9923 138.2492 137.8925 137.1114 136.0711 134.914 133.7575 132.6632 131.6262 130.6026 129.5379 128.4113 127.2888 126.2752 125.4273 124.746 124.1972 123.7148 123.2088 122.6245 121.9991 121.4099 120.9065 120.5733 120.5665 121.0865 122.4819 125.5779 133.9766 140.6183 129.1006 117.9742 112.8216 110.6378 110.3545 111.0769 112.1008 113.3755 114.8832 116.5264 118.0917 119.3773 120.3883 121.1875 122.1419 123.1627 123.9716 124.9139 126.2061 126.9632 126.4913 128.5307 133.6828 133.4832
-9999 125.3106 126.1302 127.222 128.6182 130.2986 132.1537 133.9387 135.3531 136.2143 136.5149 136.3398 135.7871 134.9634 133.9821 132.9565 131.9614 130.9981 130.0248 128.9925 127.8837 126.7644 125.7542 124.9252 124.2718 123.7407 123.2445 122.6771 121.9693 121.1482 120.304 119.5028 118.8178 118.3881 118.3832 119.1229 121.5442 129.0859 137.2164 131.6032 122.0955 115.8077 112.2366 110.5993 110.2183 110.5415 111.3052 112.2972 113.597 115.1033 116.706 118.2376 119.6081 120.8651 121.9539 123.1104 124.4853 126.3717 128.4954 128.3204 129.3177 134.6298 135.4654
-9999 126.0605 126.7739 127.6998 128.8542 130.1996 131.6363 132.9924 134.0739 134.7596 135.0385 134.9525 134.5453 133.88 133.0431 132.1336 131.2296 130.3394 129.4224 128.4336 127.3569 126.254 125.2496 124.4337 123.8038 123.293 122.7964 122.1934 121.3989 120.4192 119.3445 118.2606 117.2425 116.4397 116.0431 116.2742 118.6357 125.1017 130.9525 129.0221 122.9757 117.5003 113.6135 111.2574 110.1021 109.8003 110.1057 110.8147 111.8212 112.9121 114.1832 115.5709 117.0984 118.6772 120.1667 121.5656 122.9046 124.6897 126.6567 127.2198 128.0688 131.3568 132.5438
