data/ASC/aspect.asc
ncols         526
nrows         626
xllcorner     -13649947.421443
yllcorner     4637615.7421359
cellsize      0.91307512910743
NODATA_value  -9999
[rows 504 to 531 of 626, columns 441 to 503 of 526]
226.1852 224.4674 222.8549 221.2905 220.933 221.7714 223.084 224.4529 225.5553 226.2878 226.8815 227.5101 228.1142 228.5198 228.5933 228.3016 227.716 227.0638 226.6609 226.8593 227.9863 230.9171 234.4635 237.9283 241.5575 243.9218 245.5533 247.0047 247.9057 248.2328 247.6069 245.4017 241.0215 237.2533 238.8384 242.1345 243.875 244.3932 244.2652 243.833 243.2865 242.7401 242.2563 241.857 241.5464 241.319 241.1719 241.1198 241.1881 241.3917 241.7213 242.134 242.5567 242.9024 243.0965 243.0854 242.837 242.3483 241.634 240.8223 240.3265 240.9755 243.6279
225.9334 223.4191 222.0761 219.6623 219.6413 221.627 223.8275 225.675 226.9889 227.7827 228.3687 228.9608 229.4719 229.7272 229.6316 229.2387 228.7569 228.5281 228.7456 229.6436 231.6343 235.348 238.7551 241.3832 243.947 245.6725 246.9146 247.8601 248.3495 248.28 247.465 245.7469 243.4622 242.5161 244.9746 246.985 246.8692 246.2744 245.5133 244.7081 243.9463 243.2906 242.764 242.3615 242.0681 241.8705 241.7705 241.7851 241.9349 242.2231 242.6194 243.0629 243.4829 243.8172 244.028 244.1066 244.0699 243.9666 243.8881 244.005 244.5946 245.9104 247.7976
223.9368 223.3008 221.215 216.6165 217.8217 222.023 225.3173 227.509 228.8529 229.5755 230.0508 230.5298 230.9131 231.0436 230.8715 230.4803 230.1843 230.5472 231.4083 232.926 235.6529 239.0153 241.3469 243.0873 245.0116 246.4638 247.4922 248.1974 248.5543 248.538 248.1668 247.674 247.8351 249.9495 252.184 251.2987 249.256 247.7161 246.3887 245.2429 244.3119 243.6022 243.0867 242.7271 242.4886 242.3532 242.327 242.4283 242.6688 243.0363 243.4824 243.9384 244.3455 244.6762 244.9311 245.1404 245.3636 245.6854 246.2367 247.2057 248.8374 251.3328 254.7307
221.592 220.791 216.5845 211.4641 216.5428 224.1444 228.1046 230.1153 231.1347 231.5994 231.8729 232.1934 232.4498 232.5099 232.3956 232.0825 231.8156 232.8693 234.4116 235.9981 238.3325 240.6386 242.4275 243.9127 245.355 246.5349 247.4239 248.062 248.4602 248.6362 248.6752 248.8073 249.4045 250.5087 250.1939 249.2383 249.0383 247.9783 246.525 245.2407 244.2841 243.6289 243.2056 242.9492 242.814 242.7797 242.8577 243.0693 243.4111 243.8518 244.3356 244.7979 245.199 245.542 245.8623 246.2224 246.7028 247.4002 248.4499 250.0276 252.3551 255.6236 259.8111
217.4813 214.6653 211.0827 211.4056 221.2861 229.939 232.3669 233.2251 233.5467 233.6252 233.6808 233.8661 234.0168 234.026 234.155 234.1146 234.027 235.3618 236.5933 237.5524 239.3541 241.0821 242.592 243.8894 245.0706 246.0862 246.9191 247.5779 248.0644 248.3968 248.637 248.9079 249.3061 249.6002 249.4154 250.1202 250.067 247.9075 245.938 244.6242 243.8305 243.3788 243.1485 243.0602 243.0711 243.1732 243.3851 243.7235 244.1721 244.6842 245.2007 245.6711 246.0812 246.4603 246.8702 247.3878 248.0875 249.0482 250.3756 252.1914 254.6283 257.7915 261.5614
215.2508 213.3947 214.1999 219.6696 228.5625 234.3 235.227 235.471 235.4156 235.2572 235.2073 235.3878 235.4668 235.262 235.7397 235.9779 235.7668 236.6001 237.118 237.7121 239.2299 240.7603 242.124 243.3248 244.4124 245.3829 246.2231 246.9169 247.448 247.8288 248.0986 248.3597 248.7875 249.6162 251.2667 252.175 249.5487 245.9257 244.0735 243.3198 243.037 242.9659 243.0116 243.1326 243.315 243.5748 243.9358 244.4087 244.967 245.5503 246.1001 246.5861 247.0227 247.4648 247.9878 248.6585 249.5225 250.6177 251.9917 253.6818 255.703 258.0249 260.4647
215.7929 216.8259 220.8768 226.5075 231.8708 234.668 235.2263 236.2151 236.3259 236.1292 236.0894 236.5195 236.68 236.1959 236.3833 235.9451 235.2485 235.951 236.7016 237.5589 238.8202 240.1655 241.4328 242.5988 243.6816 244.6702 245.5313 246.2247 246.7171 247.0064 247.1135 247.0964 247.0531 247.0417 246.8634 244.777 241.4508 240.5129 241.0532 241.7362 242.242 242.6194 242.9444 243.2642 243.6113 244.0236 244.5292 245.1321 245.7926 246.4431 247.0341 247.5555 248.0441 248.575 249.2245 250.0341 251.0092 252.1355 253.3918 254.7318 256.0536 257.1609 257.6825
217.3045 219.6756 223.2017 227.3367 230.4665 232.0101 234.4333 236.5778 236.397 236.0537 235.9088 236.8168 236.9882 235.8443 235.3966 234.6124 234.1755 235.0478 236.0539 237.1204 238.3388 239.6088 240.8394 242.003 243.0988 244.1001 244.9493 245.5832 245.9553 246.0496 245.8716 245.432 244.7253 243.5935 241.543 238.0144 235.356 236.7884 239.4201 241.0544 241.985 242.5961 243.0846 243.542 244.0188 244.5571 245.1869 245.9022 246.6496 247.3637 248.0057 248.5815 249.1463 249.7847 250.5625 251.4905 252.5321 253.6255 254.6996 255.6566 256.3343 256.4935 255.7927
218.7565 221.6775 224.403 228.1389 230.865 233.1291 235.3733 235.4274 235.164 234.9802 234.5966 235.1727 234.5483 233.1997 233.377 233.4823 233.7146 234.5412 235.607 236.769 238.0076 239.2712 240.5046 241.6751 242.7635 243.7329 244.5127 245.0244 245.2145 245.067 244.5994 243.8373 242.7986 241.4366 239.6594 237.7545 237.3767 239.4547 241.249 241.9172 242.465 242.975 243.4812 244.0048 244.5663 245.1969 245.9217 246.723 247.5414 248.3139 249.0093 249.6509 250.3061 251.0564 251.9496 252.968 254.0426 255.0798 255.9822 256.6392 256.9053 256.6289 255.7399
222.3798 225.1102 228.0058 232.4876 235.758 237.3773 237.0298 234.6716 234.162 233.4161 232.0079 232.1245 231.6982 231.3089 232.1469 232.8221 233.4727 234.3738 235.4751 236.6876 237.9524 239.2222 240.4593 241.6214 242.6671 243.5508 244.2018 244.5403 244.5173 244.1332 243.4352 242.5003 241.4205 240.2882 239.2685 238.8347 239.8009 241.1824 241.9934 242.6545 243.1072 243.557 244.0684 244.63 245.2428 245.9332 246.7232 247.586 248.4589 249.2801 250.0273 250.7369 251.482 252.3334 253.3172 254.3934 255.4726 256.4488 257.2209 257.6872 257.737 257.2657 256.2313
227.2075 229.6607 232.9792 236.8016 238.6285 238.9071 238.5725 237.7176 236.5105 232.1494 228.9713 230.0567 231.0694 231.5815 232.2682 232.9355 233.665 234.5843 235.687 236.9129 238.1965 239.4687 240.6805 241.7927 242.7556 243.5123 243.9904 244.1236 243.8858 243.3022 242.4522 241.4598 240.4744 239.6521 239.1823 239.3275 240.2352 241.5228 242.9467 243.676 243.8 244.2143 244.7741 245.3816 246.0303 246.7564 247.5852 248.486 249.3948 250.2545 251.0495 251.8206 252.6399 253.565 254.602 255.6942 256.745 257.6548 258.3396 258.7241 258.7316 258.2858 257.3135
230.6257 233.4599 236.2539 238.5086 239.5693 239.8246 239.5918 238.7207 235.4836 228.4062 226.5978 230.2309 232.1614 232.8506 233.2342 233.6611 234.2778 235.1379 236.2144 237.4335 238.7064 239.9572 241.1197 242.1434 242.9812 243.5749 243.859 243.7878 243.3589 242.625 241.6987 240.7329 239.9013 239.3633 239.2579 239.7216 240.7807 242.2307 242.8986 243.1123 243.9482 244.8118 245.5707 246.2447 246.9113 247.6512 248.4989 249.4212 250.3521 251.2387 252.0713 252.8891 253.7554 254.7132 255.7537 256.8134 257.8019 258.6351 259.2578 259.6367 259.7496 259.5919 259.1964
233.9476 236.3735 238.2701 239.5678 240.0311 240.1097 239.2368 236.4731 232.1037 227.2339 229.1528 234.0362 235.0485 234.8908 234.6319 234.6836 235.141 235.9448 236.9899 238.1861 239.4294 240.6273 241.7105 242.6215 243.3091 243.7218 243.8136 243.5597 242.9809 242.1575 241.2231 240.3428 239.6854 239.3862 239.5075 240.0726 240.9678 241.9375 242.7076 243.771 244.9568 245.8183 246.6121 247.2486 247.8683 248.5901 249.4446 250.3842 251.3336 252.2398 253.096 253.9376 254.8163 255.763 256.7595 257.7403 258.6265 259.3594 259.9185 260.3158 260.5923 260.8261 261.1558
236.0466 238.0761 239.6412 240.6369 240.7162 240.2752 238.4214 235.1483 232.1326 230.2734 233.2022 237.2967 237.6078 236.6161 235.8482 235.7036 236.1037 236.9018 237.9499 239.1197 240.3116 241.4344 242.4109 243.1851 243.7103 243.9487 243.8724 243.4753 242.8043 241.9574 241.0752 240.3225 239.8446 239.7544 240.0482 240.717 241.6244 242.8074 244.1532 244.6288 245.4402 247.0461 247.9082 248.3481 248.8363 249.5262 250.3992 251.3683 252.3431 253.2698 254.1395 254.9823 255.8418 256.7369 257.6414 258.4945 259.2356 259.8358 260.3081 260.7032 261.1103 261.6617 262.5378
237.6586 239.4085 240.9151 241.7455 241.415 240.2879 237.9484 235.1279 233.3569 232.903 235.9245 239.4409 238.9888 237.2359 236.4686 236.5568 237.1381 238.0041 239.0555 240.1919 241.3103 242.3312 243.1814 243.8063 244.1713 244.2548 244.0469 243.5636 242.869 242.0657 241.2902 240.6965 240.3913 240.4995 240.9472 241.8706 243.1518 244.6469 246.0304 247.0321 249.0004 250.1977 249.6742 249.3941 249.6835 250.4011 251.3553 252.392 253.4092 254.3557 255.2266 256.0511 256.8646 257.6735 258.4456 259.1324 259.6965 260.1332 260.4792 260.8132 261.2571 261.9696 263.1256
240.18 241.6195 242.6854 242.7933 241.81 240.4007 238.4144 236.1875 235.3557 236.0803 238.6205 239.5234 237.1343 236.0906 236.5529 237.4394 238.3819 239.3425 240.3428 241.3799 242.3891 243.284 243.9923 244.4683 244.6871 244.6434 244.3493 243.8397 243.1881 242.4914 241.8651 241.4646 241.3013 241.6646 242.4363 243.5667 244.9998 246.6796 248.702 251.3503 253.2334 251.9851 250.0561 249.6237 250.1808 251.1961 252.3588 253.5107 254.5769 255.533 256.3914 257.1815 257.9269 258.6232 259.2393 259.7399 260.1059 260.3503 260.5264 260.7297 261.0959 261.7864 262.9554
243.2047 244.1286 244.326 243.7188 242.4847 241.0449 239.643 238.3608 238.156 238.6282 238.8166 237.3334 234.7932 235.3855 237.4845 239.0533 240.1206 240.975 241.8084 242.6689 243.5119 244.2558 244.8196 245.1555 245.2494 245.1183 244.7937 244.3189 243.7697 243.2393 242.7732 242.6499 242.8058 243.3243 244.0367 244.8808 245.9259 247.0723 248.3511 249.3479 248.552 247.038 247.5294 248.8588 250.4939 252.1124 253.5697 254.8369 255.9252 256.8619 257.6801 258.4099 259.0671 259.6398 260.0969 260.4086 260.5677 260.6016 260.5757 260.5888 260.7704 261.2609 262.1829
245.8062 245.8644 245.3126 244.4572 243.4407 242.1918 241.0884 240.1799 239.7838 239.5632 238.9801 238.2884 238.0188 239.5312 241.128 241.9188 242.4251 242.8191 243.3102 243.9373 244.6112 245.2122 245.6451 245.8661 245.8698 245.6957 245.3956 245.0153 244.6134 244.3559 244.2357 244.3685 244.5884 244.8848 245.268 245.7924 246.5538 247.1995 247.5027 246.9931 245.5656 245.0005 246.5687 248.9765 251.5173 253.6111 255.2348 256.5089 257.5373 258.3929 259.1248 259.7642 260.3181 260.7669 261.0747 261.2113 261.1753 261.0035 260.7628 260.5429 260.4537 260.5976 261.0396
247.2997 246.9365 246.1551 245.1214 244.0219 242.6635 241.3972 240.3416 239.7441 239.701 239.6787 239.9499 240.9351 242.238 243.6143 244.6872 244.7091 244.4969 244.5986 245.0215 245.5852 246.1034 246.4563 246.6146 246.5735 246.3906 246.1607 245.9753 245.8956 245.9847 246.0903 246.1777 246.1931 246.2999 246.6652 247.1554 247.7163 248.1004 248.0841 247.4743 246.4696 245.3794 246.8741 250.7425 253.9415 256.0869 257.5452 258.6118 259.4491 260.1425 260.7384 261.2585 261.6977 262.0269 262.2038 262.1942 261.9948 261.6406 261.1934 260.733 260.3399 260.0672 259.8989
248.194 247.5497 246.5689 245.3807 244.009 242.3934 241.0812 240.2824 239.932 240.0726 240.5169 241.2357 242.283 244.5158 247.5602 248.239 246.611 245.4923 245.3283 245.7459 246.3593 246.9013 247.2454 247.414 247.4071 247.3634 247.4185 247.5424 247.7193 247.8879 247.9217 247.9251 248.0109 248.225 248.6353 249.1586 249.6974 250.0858 250.1718 249.8541 249.2271 249.117 252.3331 256.3875 258.501 259.7065 260.4991 261.1085 261.6282 262.0919 262.5115 262.8876 263.204 263.4239 263.4982 263.3833 263.0668 262.5734 261.9583 261.2905 260.6237 259.9742 259.2797
249.0979 248.078 246.8226 245.4596 243.9919 242.4741 241.2534 240.5452 240.4542 240.8829 241.8999 243.5898 246.1545 250.3379 252.4583 249.5396 246.014 244.8583 245.1883 246.0462 246.9471 247.6469 248.0566 248.3691 248.6439 248.9004 249.1737 249.4121 249.6313 249.8001 249.9287 250.087 250.3354 250.7069 251.2281 251.8511 252.5031 253.1071 253.6559 254.29 255.4722 258.1654 262.0014 263.8732 263.8943 263.7401 263.6976 263.784 263.9574 264.174 264.4045 264.6308 264.8274 264.9532 264.9532 264.7763 264.3981 263.8294 263.1127 262.3026 261.4366 260.5178 259.4928
250.2273 248.9508 247.5335 246.0245 244.4608 243.0199 241.9301 241.301 241.5089 242.3926 243.7734 245.5395 247.557 249.1965 247.096 242.3523 241.2712 242.6786 244.5591 246.2146 247.6406 248.7586 249.4706 250.0119 250.4254 250.7284 251.0028 251.2708 251.6102 251.9761 252.3392 252.7188 253.1646 253.7135 254.3759 255.1245 255.9204 256.7538 257.713 259.0261 261.0894 264.2108 267.2321 268.2667 267.7596 267.0566 266.5724 266.3367 266.2712 266.2981 266.369 266.4596 266.5469 266.592 266.5429 266.3462 265.9628 265.3864 264.6441 263.7766 262.8106 261.7412 260.5303
251.7519 250.3864 248.9091 247.3207 245.6888 244.3073 243.4079 243.0737 243.5905 244.546 245.5483 246.3015 246.2772 244.8116 240.6726 236.612 238.0403 241.9454 245.1073 247.4466 249.2095 250.4339 251.2668 251.9056 252.2916 252.5847 252.9749 253.4379 253.9682 254.5389 255.1272 255.7387 256.4011 257.1318 257.9278 258.7701 259.6399 260.5553 261.6135 262.9889 264.8705 267.2142 269.2702 270.129 269.8822 269.3133 268.8469 268.5741 268.4442 268.3902 268.3685 268.3595 268.3531 268.3277 268.2454 268.0567 267.713 267.1895 266.4958 265.657 264.6904 263.5904 262.3279
254.2645 252.7827 251.1895 249.5471 247.9308 246.9179 246.4422 246.2557 246.5606 247.1118 247.6176 247.6586 246.7094 244.8056 242.0238 241.0951 244.2482 247.1901 248.651 250.0908 251.3502 252.2572 252.9494 253.5789 254.1056 254.6063 255.1841 255.8508 256.5833 257.355 258.1535 258.9864 259.8597 260.7599 261.6619 262.5399 263.3776 264.1913 265.0484 266.0535 267.2859 268.6735 269.9104 270.6551 270.8141 270.6894 270.5446 270.466 270.434 270.4081 270.3665 270.308 270.239 270.1591 270.0501 269.8766 269.5945 269.1656 268.5786 267.8411 266.9601 265.9359 264.7619
257.7728 256.1605 254.5091 253.5731 252.8865 252.3375 251.5666 250.6201 250.2956 250.5913 250.8853 250.4459 249.1683 248.1007 247.9511 250.4146 252.9357 252.3833 251.859 252.452 253.3071 254.1049 254.7835 255.4152 256.0421 256.7201 257.4943 258.3585 259.2803 260.2337 261.2165 262.2405 263.2967 264.3438 265.3285 266.2043 266.9417 267.5418 268.0415 268.5002 268.9776 269.5007 270.064 270.6423 271.1358 271.5244 271.8372 272.0854 272.2589 272.3454 272.3471 272.2847 272.1862 272.0708 271.9388 271.775 271.5504 271.2268 270.7747 270.1832 269.4507 268.5819 267.5887
261.6677 260.5739 260.2569 260.1814 259.9046 259.3051 258.0045 256.2734 255.4953 255.5571 255.3824 254.7793 253.9215 253.4496 253.4264 253.6625 251.9166 250.5481 252.4733 254.2588 255.3593 256.0857 256.6795 257.2868 257.9815 258.801 259.7463 260.7796 261.8573 262.9579 264.0875 265.2612 266.4635 267.635 268.6989 269.5837 270.2366 270.6308 270.7675 270.6727 270.413 270.1414 270.0997 270.4999 271.2832 272.1769 272.9666 273.5705 273.9832 274.2218 274.3122 274.2867 274.1849 274.0437 273.8861 273.7191 273.5324 273.2972 272.9751 272.5397 271.9833 271.31 270.5336
271.9384 270.9149 270.8993 270.5773 269.9481 269.4317 268.8345 268.2293 267.7671 266.5502 263.9662 261.4652 259.8484 258.6467 257.0407 254.883 252.6537 253.6091 256.3641 257.4842 257.9142 258.182 258.53 259.0555 259.7856 260.7098 261.786 262.949 264.1427 265.3468 266.5759 267.851 269.1596 270.441 271.604 272.5559 273.2202 273.5338 273.4439 272.9155 271.9851 270.9055 270.2373 270.5063 271.6172 272.9844 274.186 275.0854 275.6987 276.076 276.2624 276.2954 276.2121 276.0558 275.8684 275.6792 275.4986 275.3144 275.0926 274.7984 274.4151 273.9409 273.3839
282.5192 281.0577 280.0033 279.397 279.0137 278.8192 278.8051 279.0789 278.5148 276.5814 273.4482 270.0109 267.3131 265.3338 263.5753 262.1044 261.7766 262.7074 262.6467 261.437 260.5084 260.0815 260.1243 260.5631 261.3263 262.3399 263.5179 264.7712 266.0366 267.2978 268.5772 269.9057 271.2831 272.6578 273.9404 275.0334 275.8493 276.3 276.2725 275.6158 274.211 272.2807 270.8818 271.0896 272.5664 274.2858 275.7264 276.7719 277.4813 277.9373 278.1929 278.2797 278.2251 278.067 277.8532 277.6275 277.421 277.2439 277.0774 276.8905 276.6593 276.3718 276.0288
