data/ASC/aspect.asc
ncols         526
nrows         626
xllcorner     -13649947.421443
yllcorner     4637615.7421359
cellsize      0.91307512910743
NODATA_value  -9999
[rows 0 to 27 of 626, columns 315 to 377 of 526]
-9999 -9999 -9999 -9999 -9999 -9999 -9999 -9999 -9999 -9999 -9999 -9999 -9999 -9999 -9999 -9999 -9999 -9999 -9999 -9999 -9999 -9999 -9999 -9999 -9999 -9999 -9999 -9999 -9999 -9999 -9999 -9999 -9999 -9999 -9999 -9999 -9999 -9999 -9999 -9999 -9999 -9999 -9999 -9999 -9999 -9999 -9999 -9999 -9999 -9999 -9999 -9999 -9999 -9999 -9999 -9999 -9999 -9999 -9999 -9999 -9999 -9999 -9999
354.9659 355.5387 355.5772 355.2032 354.435 353.3747 352.1711 350.9639 349.8524 348.9067 348.1706 347.6378 347.2396 346.8635 346.3896 345.7446 344.9198 343.9666 342.9985 342.1868 341.7167 341.7647 342.4501 343.7771 345.6033 347.6732 349.5521 350.8902 351.6737 352.0218 352.0788 351.9475 351.6955 351.3596 350.9628 350.5176 350.026 349.502 348.9488 348.3585 347.7153 347.0254 346.2918 345.5104 344.6801 343.7949 342.8542 341.8617 340.8317 339.7622 338.6323 337.4005 336.0311 334.5142 332.8803 331.2022 329.5501 327.9511 326.3799 324.7673 323.0461 321.2065 319.3
355.6821 356.2863 356.182 355.5679 354.5208 353.2049 351.8292 350.5653 349.4951 348.6544 348.0448 347.6115 347.2531 346.8358 346.2298 345.3712 344.2738 343.0105 341.7125 340.5736 339.8306 339.7335 340.4907 342.1458 344.4914 347.2539 349.6926 351.1767 351.8912 352.1338 352.1146 351.9433 351.6807 351.3568 350.9836 350.5663 350.1011 349.5995 349.0662 348.4925 347.8591 347.175 346.4527 345.6892 344.8911 344.0536 343.1655 342.2347 341.2732 340.2661 339.1895 337.9994 336.6591 335.1721 333.5827 331.9684 330.3905 328.8561 327.3097 325.6556 323.8253 321.8326 319.7722
356.4552 357.0337 356.7368 355.839 354.4914 352.9406 351.4587 350.2388 349.3299 348.696 348.2751 347.9633 347.6235 347.1052 346.2794 345.1177 343.6761 342.0458 340.3525 338.7778 337.613 337.2216 337.9789 340.0217 342.9104 346.589 349.7749 351.2177 351.7277 351.8368 351.7756 351.6227 351.4073 351.147 350.8366 350.4741 350.0615 349.6035 349.104 348.5526 347.9382 347.273 346.5742 345.8458 345.0956 344.3151 343.4894 342.6271 341.7323 340.7865 339.7644 338.625 337.3379 335.9165 334.4168 332.9115 331.4415 329.9879 328.4614 326.7432 324.7735 322.6003 320.3731
357.2458 357.7366 357.206 355.9924 354.332 352.5707 351.062 350.0144 349.4145 349.1165 348.9616 348.7933 348.4485 347.7612 346.6084 345.0279 343.1793 341.1803 339.0734 336.9552 335.1711 334.2249 334.8255 337.4188 340.6552 345.2686 349.3577 350.4048 350.7231 350.8562 350.9136 350.9089 350.8389 350.709 350.509 350.2373 349.9051 349.5147 349.0646 348.5471 347.9622 347.3267 346.666 345.9905 345.2997 344.579 343.8182 343.0218 342.1882 341.3053 340.3459 339.2759 338.078 336.7685 335.4067 334.0567 332.7293 331.3688 329.8506 328.0397 325.8981 323.5211 321.1239
358.0324 358.3746 357.5812 356.0342 354.0452 352.073 350.5956 349.8708 349.7719 349.9687 350.1768 350.1849 349.8167 348.8924 347.2854 345.1388 342.8294 340.5765 338.1616 335.4314 332.8512 330.9388 331.0128 334.7575 338.2888 341.5574 345.6466 347.3538 348.3409 349.0208 349.4962 349.8145 349.9989 350.0645 350.0165 349.8711 349.6445 349.342 348.9568 348.4865 347.9431 347.3498 346.7423 346.1319 345.5054 344.843 344.1389 343.3969 342.6183 341.7999 340.9176 339.9478 338.8847 337.7405 336.5667 335.4102 334.248 332.9804 331.4505 329.5156 327.1707 324.5712 322.0045
358.8068 358.9547 357.8972 356.0157 353.6585 351.4071 349.9565 349.7201 350.3808 351.2628 351.9326 352.1578 351.7715 350.5721 348.3843 345.4637 342.6048 340.4084 338.0323 334.6794 331.3884 328.0863 326.8248 332.079 337.9276 338.5219 340.13 343.0422 345.2062 346.7164 347.7648 348.4919 348.9833 349.2817 349.4131 349.4139 349.309 349.1083 348.8001 348.3864 347.8948 347.3582 346.8158 346.2721 345.7055 345.0954 344.4351 343.7327 343.0022 342.2527 341.4682 340.6374 339.7553 338.8262 337.8853 336.95 335.9577 334.7636 333.1869 331.0929 328.5177 325.6856 322.9517
359.5609 359.4996 358.2271 356.05 353.2588 350.5316 348.9568 349.3901 351.1727 352.9472 354.1346 354.5885 354.2243 352.8151 350.0134 346.0269 342.3187 340.7357 339.1469 335.0182 331.7469 327.5302 324.7369 330.0244 337.0435 338.2008 338.4078 340.5697 342.8379 344.7117 346.1369 347.1852 347.9424 348.4594 348.7701 348.9196 348.9432 348.8486 348.6198 348.2666 347.8336 347.3633 346.8905 346.4079 345.888 345.3154 344.6847 344.0108 343.3233 342.6513 341.9918 341.3395 340.6806 340.007 339.3268 338.6176 337.7764 336.6159 334.9429 332.6511 329.8296 326.7707 323.8764
0.2580964 0.01035151 358.6575 356.3294 353.0735 349.5043 347.316 348.5913 352.0392 354.8658 356.4995 357.1125 356.8416 355.4767 352.3441 347.0813 341.653 341.2247 341.7601 336.2734 332.9672 330.0617 327.1247 330.2596 334.87 336.9497 337.9618 339.6338 341.5665 343.3774 344.8953 346.0955 347.0195 347.6992 348.1618 348.4492 348.5966 348.6017 348.4453 348.1505 347.777 347.3722 346.9605 346.5262 346.0376 345.4846 344.8672 344.2154 343.5759 342.9955 342.489 342.0506 341.6522 341.2635 340.8538 340.3492 339.6082 338.4145 336.5805 334.0549 330.992 327.7342 324.6906
0.77236 0.4243377 359.2314 357.0908 353.5812 348.7525 344.7866 346.8761 352.7342 356.5889 358.4297 359.0612 358.9565 358.018 355.3563 349.531 341.3197 340.562 343.6932 338.9945 335.0418 333.15 331.0428 332.1916 334.6853 336.5799 337.9466 339.4369 341.0726 342.6775 344.1097 345.3187 346.307 347.0803 347.6534 348.0573 348.312 348.4002 348.3031 348.0575 347.7368 347.3866 347.0166 346.6093 346.1353 345.5908 344.9812 344.3512 343.7724 343.3038 342.9744 342.7798 342.672 342.5852 342.4362 342.0923 341.3708 340.0453 337.9651 335.174 331.9065 328.52 325.3615
0.8487612 0.6032467 359.8459 358.378 355.3509 349.6161 342.3216 343.55 351.7538 356.7607 358.9003 359.6539 359.7901 359.3498 357.5874 352.9291 344.7175 341.7145 343.7733 341.221 337.7698 335.8022 334.4116 334.6314 335.8555 337.211 338.4676 339.7566 341.1198 342.4796 343.7404 344.8669 345.8431 346.6523 347.2932 347.7833 348.1219 348.2699 348.212 348.0004 347.715 347.3961 347.0426 346.6386 346.1662 345.628 345.0359 344.4412 343.9378 343.602 343.4739 343.5502 343.757 343.9834 344.0733 343.8239 343.0125 341.4218 338.99 335.9049 332.5047 329.1187 325.9434
0.2723784 0.4772293 0.2504613 359.5461 357.5064 352.5853 344.305 342.6308 349.4429 354.7768 357.4759 358.6676 359.1049 358.8992 357.5765 354.2108 348.5303 344.9024 344.2454 342.4104 340.0283 338.2928 337.2202 337.0828 337.6465 338.5132 339.4733 340.4903 341.5683 342.6664 343.7202 344.7143 345.6315 346.4362 347.1099 347.654 348.0464 348.2245 348.1801 347.9823 347.7047 347.3824 347.0134 346.5909 346.1186 345.6031 345.0554 344.525 344.1122 343.9198 344.0131 344.3903 344.9445 345.5003 345.8083 345.5766 344.5398 342.5127 339.5838 336.167 332.744 329.5716 326.5856
359.0836 0.03967527 0.2067461 359.8343 358.2832 354.5902 348.6428 345.982 348.9369 352.6731 355.2708 356.736 357.3946 357.2968 356.1963 353.719 350.0602 347.0785 345.3775 343.6433 341.855 340.4653 339.6135 339.3765 339.6245 340.1472 340.7974 341.5155 342.3014 343.1348 343.9751 344.8219 345.661 346.4383 347.1182 347.6856 348.0935 348.2673 348.208 347.9954 347.6931 347.3265 346.9044 346.4465 345.9839 345.5268 345.0748 344.6537 344.3481 344.2935 344.6107 345.3208 346.277 347.2004 347.7211 347.4395 346.0339 343.3624 339.7238 335.8852 332.5649 329.93 327.5127
357.5353 359.2398 359.6792 359.4003 358.0297 355.1975 351.3441 349.0983 349.7643 351.6313 353.4056 354.6595 355.3305 355.3326 354.52 352.795 350.3887 348.0961 346.3122 344.7384 343.3443 342.3016 341.6755 341.4639 341.5705 341.8639 342.2499 342.6896 343.2016 343.7868 344.4309 345.1458 345.9122 346.6567 347.325 347.8843 348.2657 348.3962 348.2907 348.0317 347.6665 347.2101 346.6959 346.19 345.7582 345.4136 345.1319 344.8836 344.6986 344.7439 345.2532 346.3313 347.7774 349.1458 349.9095 349.5502 347.6725 344.1423 339.4923 335.0052 331.8457 330.1621 328.8575
355.9635 358.1608 358.8452 358.7373 357.6634 355.5893 352.9841 351.1077 350.6882 351.2284 352.0777 352.8478 353.3391 353.3819 352.8311 351.6616 350.0433 348.3472 346.8366 345.5423 344.5084 343.8069 343.4278 343.314 343.3741 343.5118 343.6791 343.8775 344.1521 344.5287 345.018 345.6411 346.3646 347.0876 347.7304 348.2441 348.5518 348.5967 348.4183 348.0913 347.624 347.0225 346.3701 345.8043 345.43 345.2678 345.2677 345.2867 345.2193 345.255 345.8476 347.328 349.4063 351.3427 352.4242 352.0398 349.7201 345.2269 339.1974 333.5677 330.3867 330.0997 330.3477
354.603 357.0091 357.9043 358.0437 357.3381 355.8573 353.9631 352.3154 351.3721 351.0739 351.1597 351.3941 351.5949 351.5827 351.205 350.4218 349.3258 348.118 346.9825 346.0375 345.3692 345.0053 344.8832 344.9026 344.9658 344.9927 344.9773 344.9727 345.0534 345.2734 345.6688 346.2656 347.0031 347.7347 348.3405 348.757 348.925 348.8358 348.5772 348.1886 347.5922 346.7768 345.9178 345.2692 344.9687 345.0569 345.5073 345.9622 345.9944 345.7796 346.1837 348.0844 351.0162 353.6611 355.1368 354.8764 352.4098 347.2295 339.5988 331.9384 327.9606 329.4511 331.1746
353.511 355.9292 356.9813 357.3698 357.0264 356.0028 354.5399 353.0323 351.8138 350.9866 350.4995 350.2558 350.1369 349.9918 349.6821 349.149 348.4198 347.6071 346.8483 346.2725 345.9673 345.9314 346.0627 346.2231 346.3025 346.2362 346.0644 345.8943 345.8283 345.9435 346.3121 346.9733 347.8167 348.61 349.1667 349.4089 349.3362 349.0566 348.7468 348.363 347.6396 346.5196 345.3477 344.5776 344.3354 344.6822 345.8155 347.032 347.1819 346.2898 345.9148 348.2192 352.3468 355.7821 357.6292 357.6494 355.606 350.7194 342.1561 331.5384 324.8662 326.9756 330.6964
352.6548 354.9841 356.1402 356.7368 356.6949 356.0192 354.8474 353.437 352.0617 350.8893 349.986 349.356 348.9415 348.6328 348.315 347.9241 347.4507 346.9542 346.536 346.3114 346.3481 346.6179 346.9881 347.2821 347.3665 347.1994 346.881 346.5783 346.4106 346.463 346.8658 347.7023 348.7896 349.7367 350.2344 350.1804 349.6983 349.1471 348.8866 348.6914 347.9002 346.3432 344.6824 343.7771 343.5455 343.9418 346.0116 348.5809 349.0293 346.9433 344.6863 347.2308 352.9878 357.1162 359.1947 359.5659 358.4255 355.1175 347.9726 335.9002 324.9938 324.76 329.5266
351.9964 354.1929 355.4049 356.1564 356.3394 355.9113 354.9396 353.6009 352.1277 350.7235 349.5289 348.6133 347.9647 347.5073 347.1523 346.8385 346.5358 346.2777 346.1433 346.223 346.5576 347.0961 347.6849 348.1029 348.1695 347.8661 347.3883 346.9883 346.7625 346.7599 347.2166 348.3576 349.8944 351.1439 351.5873 351.0703 349.9017 348.9077 348.8976 349.2842 348.596 346.4073 343.9318 343.0215 342.8604 342.595 345.6327 350.3452 351.5403 348.3423 343.1155 344.6917 351.7552 356.4852 359.0915 0.07872023 359.6864 357.9499 353.6172 345.0336 334.0684 329.4786 331.0667
351.5272 353.5669 354.788 355.6331 355.9625 355.6921 354.8418 353.5402 351.9908 350.4238 349.0374 347.9434 347.1526 346.6036 346.2289 345.9677 345.7749 345.6823 345.7652 346.0803 346.6367 347.3868 348.1854 348.7403 348.7609 348.2422 347.5565 347.1215 346.9078 346.7837 347.1881 348.7713 351.0717 352.8361 353.2692 352.1208 349.8642 348.0445 348.5667 350.2169 349.9949 346.9988 343.0847 342.5074 343.083 341.1364 343.8515 350.4715 352.8449 350.1873 344.289 343.7081 349.3523 353.97 357.3991 359.2248 359.1789 358.0578 355.1303 349.5267 341.67 336.2041 334.9073
351.2511 353.1193 354.2996 355.1703 355.568 355.3734 354.565 353.247 351.6134 349.92 348.4212 347.2606 346.4413 345.8974 345.5663 345.3659 345.2369 345.2417 345.4815 345.9556 346.6144 347.4789 348.5122 349.2929 349.2542 348.3644 347.3406 347.0081 346.9933 346.5721 346.5274 348.6504 352.1764 354.6966 355.2277 353.4435 349.7306 346.3231 347.5288 351.2641 352.0469 348.593 342.6667 341.8424 344.0381 342.0637 343.1297 348.7165 351.4322 350.1746 346.4166 345.2153 348.1262 351.5092 355.0077 357.3235 357.5786 356.7346 354.4342 350.3892 345.1062 340.7475 338.494
351.167 352.8561 353.9412 354.7685 355.1637 354.9697 354.1236 352.7165 350.9529 349.1377 347.5936 346.481 345.7631 345.3517 345.171 345.072 344.9564 344.9775 345.3463 345.9296 346.5063 347.2912 348.6428 349.9102 349.8698 348.3352 346.6293 346.6677 347.3732 346.4348 344.9857 347.5381 352.8466 356.2179 356.978 355.0036 350.2322 344.572 345.4203 350.9509 353.0954 350.634 344.7879 342.7672 344.7217 344.306 344.7251 347.5819 349.3441 348.874 347.0617 346.3796 347.7987 349.9153 352.6621 354.9149 355.5643 355.0983 353.3954 350.5011 346.8684 343.5417 341.2134
351.2701 352.7625 353.6979 354.4178 354.7563 354.5087 353.5596 351.9709 349.9783 347.997 346.4588 345.5232 345.0516 344.9077 345.03 345.123 344.9355 344.8243 345.3659 346.1292 346.3474 346.6128 348.4248 350.7442 350.9485 348.4482 345.2732 345.9524 348.4338 347.2103 343.1677 344.8785 351.7356 355.9348 357.0905 355.6444 351.5483 345.7159 344.9583 349.4731 352.0491 351.0575 347.3839 345.2279 345.6863 345.8777 346.3242 347.5356 348.2775 347.9872 347.1281 346.8348 347.609 348.8761 350.47 352.3504 353.5718 353.5375 352.3777 350.3127 347.7227 345.1827 343.1045
351.5548 352.8021 353.5254 354.0834 354.3471 354.0471 352.9637 351.0848 348.695 346.4209 344.9077 344.3144 344.2466 344.4626 345.1031 345.5891 345.1667 344.5578 345.4297 346.7766 346.3281 345.1381 347.4464 351.6616 352.652 349.4355 343.9599 344.3356 348.8489 348.7199 344.0125 343.5987 349.1785 353.3457 354.892 354.2421 351.6626 347.8772 346.6428 348.7932 350.6007 350.4167 348.6053 347.2057 347.0848 347.2925 347.6193 348.0247 348.0826 347.6692 347.106 346.9261 347.357 348.1008 348.6045 350.199 352.0065 352.2046 351.4502 349.9719 347.9917 345.9922 344.2971
352.0223 352.9206 353.3336 353.6776 353.9189 353.6801 352.5073 350.222 347.1657 344.3334 342.812 342.8179 343.3274 343.8159 345.2613 346.6236 345.7559 343.7758 345.1136 347.9879 347.0087 343.2854 345.0585 351.1447 353.4923 351.1868 345.5661 344.3997 348.1563 349.0057 346.2507 345.1008 347.6797 350.4216 351.8052 351.718 350.4128 348.5374 347.815 348.7555 349.8462 350.001 349.2376 348.4902 348.342 348.5264 348.7363 348.7559 348.4018 347.7682 347.1728 346.8884 346.9635 347.1656 347.0946 348.5745 350.6089 350.996 350.5845 349.549 347.869 346.2043 344.9508
352.7015 353.0671 352.9872 353.0285 353.3987 353.5224 352.4619 349.6917 345.5612 341.6638 339.9725 341.0527 342.4417 342.6307 345.0672 348.2666 347.1414 342.6559 343.3719 347.9978 347.9002 343.6841 343.8197 349.1485 352.179 351.5304 348.2306 346.7419 348.1939 348.7247 347.4414 346.4971 347.1779 348.3857 349.1917 349.325 348.9019 348.2548 348.0852 348.679 349.4572 349.7978 349.6117 349.3318 349.3342 349.5616 349.7419 349.6084 349.0085 348.081 347.3133 346.9086 346.6858 346.4683 346.08 347.1547 349.0812 349.845 349.7973 349.1179 347.4472 345.9746 345.2561
353.6692 353.2448 352.3359 351.8575 352.6125 353.6609 353.1496 349.9832 344.3017 338.4634 336.0783 338.9666 342.0638 340.9599 343.3787 348.7246 348.6618 343.5699 342.3588 346.0379 346.9643 344.8788 344.6899 347.7873 350.303 350.7072 349.4794 348.6812 349.0228 349.0882 348.2822 347.3587 347.0096 347.1026 347.2927 347.3888 347.4276 347.4986 347.7734 348.3762 349.1131 349.6376 349.8286 349.8925 350.0818 350.4059 350.649 350.5461 349.9123 348.4276 347.3243 347.0715 346.7111 346.3314 345.6741 346.356 348.1064 348.9612 349.1332 348.6916 346.9909 345.7791 345.5231
355.0408 353.5898 351.314 349.7888 351.2439 354.0485 354.7059 351.5971 344.2488 335.4096 331.2271 335.4578 341.17 340.5306 341.9388 347.0373 348.1689 345.0829 343.1818 344.3161 345.0094 344.6369 345.1076 347.1057 349.0731 350.0016 349.9654 349.8061 349.8852 349.7146 348.98 347.9434 347.0001 346.3429 346.0034 345.9303 346.1273 346.5716 347.1653 347.8805 348.6804 349.395 349.894 350.2491 350.6283 351.0668 351.4077 351.4209 350.9164 348.9858 347.6428 347.5252 346.8512 346.1208 345.253 345.8389 347.4599 348.2545 348.4979 348.0849 346.6011 345.6679 345.5166
