data/ASC/aspect.asc
ncols         526
nrows         626
xllcorner     -13649947.421443
yllcorner     4637615.7421359
cellsize      0.91307512910743
NODATA_value  -9999
[rows 448 to 475 of 626, columns 441 to 503 of 526]
197.6967 196.4343 195.8168 196.95 199.2481 200.5305 200.0665 195.8538 190.1694 189.4323 196.45 211.141 221.644 223.3582 221.0908 218.1106 216.011 215.3427 215.7862 216.9355 218.2985 219.5249 220.4367 220.9912 221.2218 221.1943 220.9792 220.6289 220.1825 219.6812 219.1661 218.671 218.2252 217.8527 217.568 217.3816 217.2952 217.2881 217.3045 217.278 217.1363 216.8104 216.2694 215.5115 214.5686 213.5018 212.4433 211.6577 211.5849 212.8777 215.7813 219.3257 222.2664 224.841 229.549 232.9765 233.4706 233.2336 232.2236 230.81 229.3498 228.03 226.9156
197.6516 197.0346 196.8712 197.5534 198.7198 199.3683 198.8378 196.6313 194.5537 196.3484 204.372 217.1807 226.8152 226.8423 221.3674 216.665 213.9591 213.6644 214.7464 216.7339 218.7989 220.5002 221.6739 222.3248 222.5396 222.4302 222.1024 221.6318 221.0726 220.4742 219.8772 219.3116 218.7995 218.3567 217.9914 217.7112 217.5185 217.3974 217.2986 217.1646 216.9377 216.5684 216.0457 215.3931 214.6662 213.9405 213.3394 213.0883 213.5104 214.9171 217.3588 220.3999 223.4492 226.4328 229.7077 232.5029 234.4689 234.9383 233.5754 231.6018 229.7091 228.1345 226.9173
197.8936 197.6331 197.6354 198.0482 198.6951 199.1398 199.0737 198.5994 198.9908 202.2689 209.3689 218.3265 224.3268 221.8326 216.2539 212.3175 210.2456 211.2543 213.3375 216.6863 219.6847 221.9021 223.2733 223.9119 223.9952 223.7012 223.18 222.5351 221.8313 221.1189 220.4331 219.7955 219.2194 218.711 218.2743 217.9155 217.6375 217.4287 217.2493 217.0507 216.7923 216.4406 215.9917 215.4809 214.9712 214.539 214.293 214.4064 215.1021 216.5594 218.7831 221.5783 224.693 228.0427 231.7197 235.4675 237.9787 237.2997 234.4624 231.6666 229.378 227.6562 226.4558
198.3293 198.2873 198.3736 198.6722 199.1436 199.6469 200.1199 200.7923 202.4186 205.8427 210.9832 216.0616 218.1525 214.8466 210.9947 207.9681 207.53 209.227 212.0997 217.4356 221.4155 224.0295 225.4015 225.8179 225.5845 224.9641 224.1547 223.281 222.4085 221.5761 220.8043 220.1018 219.4715 218.91 218.4162 217.9974 217.6574 217.3866 217.1578 216.9338 216.6849 216.3904 216.0478 215.6942 215.3892 215.2002 215.2184 215.5758 216.4241 217.8829 219.959 222.5587 225.5736 228.9186 232.5587 236.1597 237.6249 236.0097 233.1508 230.3335 228.0681 226.4403 225.4418
198.9277 199.0482 199.2192 199.5096 199.9753 200.6317 201.5192 202.8136 204.855 207.8224 211.3021 214.1042 214.7416 212.5441 209.741 207.2541 207.542 208.5797 212.7564 220.0584 224.5754 227.2082 228.1913 228.0461 227.2386 226.1216 224.9291 223.787 222.7408 221.7994 220.9592 220.2111 219.5434 218.9468 218.4154 217.9567 217.5766 217.2687 217.0195 216.8011 216.5902 216.3768 216.1605 215.9681 215.8498 215.8603 216.0708 216.583 217.507 218.9221 220.8352 223.1783 225.8559 228.7094 231.4635 233.4985 233.7113 232.5425 230.5156 227.9246 225.9039 224.5171 223.8914
199.6813 199.9424 200.2163 200.5649 201.0989 201.9089 203.0611 204.634 206.6953 209.1429 211.5599 213.2439 213.5272 212.3227 210.6945 209.5372 210.0498 211.6362 217.3301 224.971 229.4911 231.6247 231.6221 230.4528 228.7678 226.9879 225.3494 223.9394 222.7489 221.7371 220.8658 220.1042 219.4262 218.8177 218.2711 217.7932 217.3942 217.0745 216.8289 216.6394 216.4882 216.3708 216.2883 216.2539 216.3016 216.4727 216.8208 217.4253 218.3685 219.7009 221.4184 223.4552 225.7031 227.9901 230.0764 231.6421 232.4036 232.5026 229.5938 225.2091 223.2872 222.0853 221.951
200.5887 200.9807 201.371 201.8141 202.4447 203.3807 204.6856 206.359 208.3153 210.3707 212.2013 213.4356 213.8436 213.5322 213.1313 213.3813 215.0765 218.6693 225.3943 233.0048 237.1594 237.3452 235.3275 232.6311 229.8102 227.2762 225.2128 223.6088 222.3577 221.3509 220.5093 219.7798 219.125 218.5283 217.987 217.5107 217.1154 216.8078 216.587 216.4446 216.3676 216.3519 216.4 216.514 216.7091 217.0101 217.4556 218.1075 219.0291 220.2517 221.7554 223.4694 225.2826 227.0294 228.5164 229.56 229.992 229.46 224.9158 220.5426 220.4903 219.4767 219.9582
201.6494 202.1649 202.6763 203.2317 203.9666 205.0023 206.3911 208.0886 209.9442 211.7604 213.3215 214.4707 215.1977 215.7055 216.4429 217.9933 220.9686 225.8096 232.5524 239.1451 241.7594 240.5954 237.7335 233.7659 229.8259 226.6278 224.3124 222.6925 221.5269 220.6348 219.9019 219.2563 218.6572 218.0946 217.5764 217.1206 216.7484 216.4726 216.2967 216.2157 216.2212 216.309 216.4808 216.7306 217.0554 217.4603 217.9715 218.6405 219.5161 220.6166 221.9085 223.3138 224.7224 225.9787 226.8878 227.2535 226.781 224.8846 220.5223 218.0267 219.0449 217.6789 218.8079
202.8605 203.4917 204.1215 204.7921 205.6262 206.7437 208.1853 209.8846 211.6761 213.3743 214.8558 216.0973 217.1959 218.3871 220.0038 222.4515 226.0745 230.9288 236.4682 241.1006 243.168 242.6895 239.0976 233.3801 228.3013 224.7195 222.5216 221.1757 220.2886 219.6363 219.0895 218.5726 218.0552 217.5448 217.0632 216.6428 216.3107 216.0835 215.9687 215.9607 216.0545 216.2462 216.5327 216.9013 217.335 217.822 218.3774 219.0441 219.8607 220.8379 221.9356 223.0737 224.1411 225.002 225.481 225.4159 224.6298 222.9039 220.355 219.1243 219.8561 219.5267 221.7111
204.2247 204.9602 205.6955 206.4698 207.3946 208.5818 210.062 211.761 213.5189 215.1767 216.6739 218.0632 219.4908 221.1643 223.3067 226.137 229.7495 233.9718 238.2804 241.8134 243.7763 242.6776 237.3456 230.3362 224.705 221.4007 219.937 219.215 218.7803 218.4701 218.1687 217.8089 217.3843 216.9297 216.4898 216.1135 215.8341 215.6705 215.6293 215.7033 215.8878 216.1789 216.5682 217.0365 217.558 218.1102 218.6957 219.3463 220.0983 220.9611 221.8932 222.8137 223.6173 224.1915 224.409 224.1686 223.4261 222.2091 220.8522 220.3377 220.9816 221.917 223.5375
205.7552 206.5737 207.3889 208.2453 209.2451 210.487 211.9955 213.694 215.4344 217.0893 218.6336 220.1483 221.7883 223.719 226.0527 228.8365 232.0055 235.3086 238.3199 240.4794 241.1799 239.5774 233.389 224.8766 219.2997 217.0485 217.0788 217.1899 217.2394 217.3123 217.2799 217.0719 216.7225 216.3106 215.9096 215.5793 215.3599 215.2704 215.312 215.476 215.7533 216.1367 216.6159 217.1669 217.7563 218.3555 218.9566 219.582 220.27 221.0314 221.8261 222.5761 223.1884 223.5731 223.6561 223.394 222.818 222.0432 221.3189 221.0528 221.2964 221.4684 220.7032
207.477 208.3431 209.2008 210.1049 211.1505 212.4237 213.9447 215.6346 217.3609 219.0193 220.5944 222.1755 223.9035 225.8891 228.1516 230.6202 233.1518 235.4806 237.2565 238.0801 237.4846 234.7224 226.7453 217.8251 213.3457 212.7543 214.9882 215.6163 215.9065 216.3639 216.5907 216.4798 216.1488 215.7485 215.3759 215.0907 214.9348 214.9241 215.0544 215.3138 215.6842 216.1521 216.7072 217.3233 217.9608 218.587 219.1903 219.7872 220.414 221.0853 221.7661 222.3853 222.8653 223.142 223.1756 222.9651 222.5723 222.1173 221.7454 221.5841 221.5648 221.2676 220.0793
209.4186 210.2789 211.1292 212.0305 213.0779 214.3484 215.8548 217.5198 219.2237 220.8708 222.4446 224.0311 225.7402 227.6308 229.6619 231.7028 233.5742 235.0245 235.7386 235.348 233.3384 228.9155 220.9203 213.8087 210.0401 211.2875 214.9784 214.8017 214.8548 215.8517 216.3002 216.1427 215.7197 215.2899 214.9407 214.7029 214.6093 214.6764 214.8974 215.2518 215.7104 216.2549 216.8713 217.5334 218.1995 218.8341 219.427 219.9915 220.5599 221.151 221.7381 222.2599 222.654 222.8768 222.9134 222.7908 222.5762 222.3637 222.2431 222.2386 222.2833 222.2089 221.9222
211.6007 212.3809 213.1571 213.9941 214.9905 216.2154 217.6745 219.2917 220.9532 222.5664 224.109 225.6487 227.2625 228.9755 230.716 232.3305 233.6281 234.4018 234.3911 233.308 230.8082 226.5124 220.3924 214.8087 211.5539 213.2464 216.234 214.1998 214.0374 216.2068 216.6505 216.104 215.4185 214.953 214.6539 214.4704 214.4294 214.5638 214.8702 215.3148 215.856 216.4692 217.1338 217.8238 218.4995 219.1248 219.6919 220.2168 220.7301 221.2502 221.7601 222.2106 222.5506 222.7545 222.8269 222.8065 222.7597 222.7561 222.8529 223.0543 223.328 223.6744 224.2333
214.0168 214.6219 215.243 215.952 216.8423 217.9759 219.3538 220.8969 222.4952 224.0556 225.5445 227.0042 228.4864 229.9973 231.4522 232.696 233.5563 233.8715 233.4616 232.1441 229.7387 226.1567 221.6996 217.6494 215.369 216.0109 217.2405 214.7182 215.5315 218.4564 217.7924 216.1785 215.0824 214.7338 214.5779 214.4491 214.4298 214.6072 214.9866 215.5143 216.1327 216.8057 217.5073 218.2093 218.8755 219.4739 220 220.4764 220.9347 221.3918 221.8382 222.2365 222.546 222.7558 222.884 222.9708 223.0755 223.2545 223.5422 223.9405 224.4373 225.0795 225.996
216.6073 216.9196 217.2961 217.813 218.5505 219.5603 220.8338 222.2896 223.8139 225.3097 226.735 228.105 229.4509 230.7683 231.9716 232.9216 233.4782 233.5215 232.9469 231.6593 229.5976 226.8107 223.6079 220.7221 218.9812 218.8306 219.1764 218.6224 221.345 222.3331 218.6779 215.5821 214.3712 214.706 214.8375 214.6948 214.6144 214.799 215.2405 215.8472 216.538 217.2653 217.9955 218.6951 219.3328 219.8866 220.3578 220.7749 221.1738 221.5725 221.9668 222.3301 222.6297 222.8634 223.0578 223.2497 223.4888 223.8191 224.2591 224.8073 225.4555 226.2346 227.2062
219.2302 219.115 219.1621 219.4377 219.9992 220.8736 222.0412 223.4163 224.8737 226.3106 227.6769 228.9647 230.1907 231.3424 232.3406 233.0712 233.4263 233.3259 232.7202 231.5756 229.8966 227.7687 225.4258 223.2851 221.8004 221.2269 221.2755 221.7288 223.2927 220.6919 216.128 213.3563 213.2723 215.3544 215.6805 215.2202 214.9126 215.0888 215.6078 216.2986 217.0589 217.8363 218.5864 219.2711 219.865 220.3577 220.7602 221.1076 221.4422 221.7864 222.1394 222.4827 222.7893 223.0605 223.3254 223.6156 223.9689 224.4163 224.965 225.6064 226.3304 227.1414 228.0591
221.597 220.9435 220.6189 220.6484 221.0475 221.8128 222.9056 224.2275 225.6471 227.05 228.375 229.6024 230.735 231.7536 232.5948 233.1689 233.3922 233.2172 232.6334 231.6467 230.2853 228.6202 226.7932 225.0389 223.5869 222.5674 221.8926 221.2962 220.1968 216.2718 213.2836 212.1036 214.4634 217.9012 217.288 215.8027 215.0938 215.3869 216.0627 216.8465 217.6692 218.4939 219.2611 219.9236 220.4616 220.8771 221.1945 221.4611 221.7281 222.0229 222.3465 222.6831 223.0103 223.3296 223.6664 224.046 224.4934 225.0254 225.6422 226.3291 227.0719 227.8611 228.6967
223.2544 222.0562 221.4011 221.2461 221.5559 222.2915 223.3787 224.7024 226.1292 227.534 228.8483 230.0456 231.1133 232.0312 232.7553 233.2148 233.3476 233.1288 232.5678 231.6919 230.5403 229.1522 227.5883 225.9685 224.4069 222.9588 221.5926 220.1528 218.3065 215.6405 214.233 215.0714 219.8615 221.8559 218.4566 215.5511 214.7156 215.6653 216.6365 217.4736 218.3266 219.2087 220.009 220.649 221.1154 221.4313 221.644 221.8204 222.0194 222.2709 222.5765 222.9198 223.2812 223.658 224.0671 224.5274 225.0498 225.6402 226.2926 226.9892 227.7171 228.4614 229.21
223.6507 222.106 221.2803 221.0829 221.4398 222.2633 223.442 224.8467 226.338 227.7908 229.1319 230.3268 231.3571 232.2067 232.8417 233.2101 233.272 233.0134 232.4521 231.6251 230.5691 229.2996 227.8336 226.2143 224.494 222.7153 220.9025 219.0716 217.2377 215.6384 215.4071 217.2495 220.7326 219.4885 215.7234 213.4168 213.6911 216.3338 217.5048 218.1508 218.9641 219.9609 220.8384 221.4546 221.8224 222.0086 222.0972 222.175 222.3055 222.5206 222.8217 223.1875 223.5961 224.038 224.5198 225.0518 225.6343 226.2634 226.9276 227.6129 228.3093 228.9986 229.6635
222.3795 220.906 220.1556 220.1072 220.69 221.756 223.1485 224.72 226.3309 227.8731 229.2712 230.4854 231.5008 232.3049 232.8711 233.1653 233.1612 232.8513 232.259 231.4235 230.3761 229.1182 227.6441 225.9643 224.1012 222.1018 220.0402 218.0525 216.3317 215.1875 215.1238 216.129 216.9829 214.6911 212.7994 212.1705 214.7731 218.6545 218.8532 218.6889 219.4475 220.7762 221.8165 222.3871 222.6 222.6081 222.5437 222.51 222.5731 222.7633 223.0768 223.4828 223.9522 224.4671 225.0231 225.6199 226.2507 226.9036 227.5663 228.2314 228.8894 229.5236 230.1147
219.6193 218.6287 218.1179 218.3895 219.4095 220.9048 222.6377 224.4473 226.2133 227.8595 229.3224 230.5653 231.5785 232.3512 232.8632 233.091 233.0179 232.6443 231.9955 231.1074 230.0068 228.6942 227.1588 225.3989 223.4306 221.3078 219.1341 217.09 215.4252 214.396 214.2043 214.648 214.9139 214.0957 213.9436 215.3154 220.1936 222.4207 219.6993 218.4157 219.6185 221.8669 223.1292 223.5299 223.4633 223.2158 222.9608 222.8054 222.8095 222.9948 223.3428 223.8101 224.3559 224.9518 225.5833 226.2398 226.9087 227.5759 228.2319 228.8718 229.4904 230.0755 230.6063
216.4546 215.8798 215.4201 216.1145 217.8325 219.9589 222.1325 224.2065 226.1193 227.8476 229.3542 230.6143 231.6243 232.3723 232.838 233.0026 232.8561 232.4069 231.6805 230.708 229.5167 228.1154 226.499 224.6666 222.6374 220.4698 218.2769 216.2439 214.618 213.6244 213.3719 213.7058 214.2092 214.6549 215.8336 218.3265 221.9182 220.7029 217.3394 216.9305 219.9961 223.9886 225.104 224.94 224.3796 223.7894 223.3165 223.0421 223.0073 223.2141 223.6241 224.1766 224.8148 225.501 226.2101 226.922 227.6217 228.2971 228.9426 229.5561 230.1392 230.6824 231.1642
214.6593 213.3694 212.1886 213.4467 216.2768 219.2474 221.8977 224.1848 226.1722 227.9142 229.413 230.663 231.6606 232.3846 232.8086 232.9147 232.6933 232.1572 231.3347 230.2574 228.9587 227.4572 225.7596 223.8756 221.8305 219.6816 217.5351 215.569 214.0136 213.0847 212.8787 213.3201 214.1883 215.3289 216.9139 218.8265 220.0306 218.011 216.9434 219.0716 224.7942 228.7456 227.8628 226.4075 225.1788 224.2365 223.5652 223.1964 223.154 223.4184 223.9258 224.5918 225.3424 226.1288 226.9158 227.6788 228.4021 229.0789 229.7105 230.2983 230.8481 231.3528 231.7933
215.658 211.0275 207.9512 210.5002 215.2326 219.1892 222.201 224.5367 226.4496 228.0879 229.5067 230.7151 231.6904 232.393 232.7835 232.8371 232.5421 231.9138 230.9843 229.7904 228.3752 226.7699 224.9993 223.0887 221.0672 218.9875 216.9435 215.0925 213.653 212.8339 212.7463 213.3637 214.5267 216.0285 217.7437 219.3816 220.3414 220.2325 221.4562 225.4755 231.2487 232.4383 229.3398 226.996 225.5118 224.4506 223.6721 223.2449 223.2305 223.6011 224.2551 225.0733 225.961 226.8556 227.7165 228.5221 229.2596 229.9286 230.5389 231.0978 231.6131 232.0802 232.4834
217.1781 206.6977 201.9754 207.9262 215.6133 220.2729 223.2437 225.3109 226.9225 228.3153 229.5856 230.7305 231.689 232.3863 232.7566 232.7649 232.4013 231.6805 230.6371 229.3183 227.7802 226.0698 224.2363 222.3205 220.3554 218.3864 216.4892 214.8022 213.5258 212.8541 212.9213 213.7262 215.1127 216.8458 218.7037 220.4467 221.8592 223.1609 225.561 229.5503 233.4946 232.1277 227.7859 226.1669 225.3634 224.5171 223.6612 223.1576 223.2036 223.7518 224.6246 225.647 226.6965 227.7033 228.6313 229.4657 230.2032 230.8518 231.4287 231.9492 232.4243 232.8504 233.2144
211.3009 200.467 198.6685 209.1373 218.7718 222.7159 224.9065 226.3091 227.3936 228.4261 229.5169 230.6224 231.6095 232.3405 232.7176 232.6959 232.2673 231.451 230.2864 228.8337 227.1656 225.3505 223.4615 221.5554 219.6713 217.8457 216.1344 214.6522 213.572 213.077 213.3135 214.2951 215.857 217.7584 219.7557 221.6729 223.4371 225.2248 227.4895 230.0924 231.5625 227.6205 223.651 224.9197 225.5015 224.8252 223.5882 222.8585 223.0079 223.8607 225.0659 226.3576 227.5897 228.704 229.6816 230.5227 231.2393 231.8488 232.3765 232.8451 233.2692 233.6472 233.9665
207.1767 201.2769 203.359 215.119 223.1779 224.9631 226.3061 226.9764 227.4749 228.1333 229.1123 230.2998 231.424 232.2586 232.6779 232.6358 232.1348 231.2104 229.9149 228.3206 226.5184 224.5978 222.6545 220.7674 218.9822 217.3251 215.8289 214.5769 213.7159 213.4167 213.8244 214.9569 216.6483 218.6584 220.7438 222.736 224.5633 226.2351 227.7692 228.7342 227.981 224.1864 222.806 226.0477 227.3556 225.8382 223.3072 222.111 222.5276 223.9429 225.6521 227.282 228.7018 229.8987 230.891 231.7057 232.3718 232.918 233.3765 233.7759 234.1361 234.4557 234.721
