data/ASC/slope.asc
ncols         526
nrows         626
xllcorner     -13649947.421443
yllcorner     4637615.7421359
cellsize      0.91307512910743
NODATA_value  -9999
[rows 476 to 503 of 626, columns 63 to 125 of 526]
4.96547 4.927239 4.868675 4.804468 4.751955 4.723304 4.713819 4.693662 4.631669 4.46456 4.292701 4.18789 4.155086 4.185567 4.262259 4.353558 4.393603 4.318601 4.269092 4.42027 4.66881 4.888101 5.016366 5.108863 5.228161 5.331875 5.400974 5.452872 5.499497 5.549418 5.60361 5.658049 5.704308 5.731579 5.730707 5.699115 5.63621 5.538522 5.399961 5.209615 4.954112 4.633225 4.294032 4.014467 3.826427 3.680254 3.460429 3.349947 3.439503 3.526571 3.770368 4.064221 4.237345 4.412667 4.583087 4.716531 4.823401 4.910811 4.980206 5.034912 5.079259 5.116611 5.14913
4.905201 4.896246 4.869961 4.838119 4.814023 4.806788 4.816512 4.82647 4.805284 4.71278 4.578565 4.457955 4.388619 4.386468 4.442779 4.520789 4.562162 4.539565 4.53549 4.644222 4.832841 5.023008 5.164928 5.270955 5.367081 5.44478 5.497244 5.53185 5.557074 5.579323 5.600387 5.616923 5.622267 5.608338 5.568981 5.504336 5.415524 5.299087 5.147503 4.946584 4.673342 4.308114 3.917897 3.639997 3.522794 3.458327 3.326209 3.398197 3.651896 3.82779 4.063965 4.32049 4.513567 4.680893 4.829259 4.949472 5.042677 5.112176 5.160296 5.189856 5.205238 5.210809 5.209737
4.821349 4.835038 4.833896 4.825558 4.820844 4.827336 4.845204 4.864547 4.863362 4.817326 4.734123 4.647109 4.588821 4.577011 4.609905 4.664878 4.708364 4.729052 4.765453 4.860709 5.00604 5.161658 5.293747 5.395855 5.475077 5.531336 5.563725 5.57682 5.576923 5.569004 5.554614 5.531454 5.495197 5.440881 5.365357 5.271517 5.162183 5.033037 4.874886 4.674667 4.406884 4.0029 3.5504 3.289832 3.28873 3.343167 3.375955 3.61648 3.931843 4.135862 4.349306 4.567304 4.753129 4.910138 5.040632 5.142518 5.21583 5.262248 5.284279 5.285507 5.271235 5.246452 5.214445
4.705188 4.736129 4.755295 4.765638 4.774346 4.789464 4.812708 4.837636 4.850799 4.837924 4.79952 4.753607 4.722462 4.719778 4.74631 4.791407 4.839713 4.886642 4.947869 5.040416 5.159855 5.285527 5.396621 5.482985 5.543605 5.578705 5.589482 5.579659 5.553527 5.514476 5.463841 5.400877 5.323944 5.231121 5.12219 5.002877 4.877413 4.737171 4.5649 4.3512 4.108499 3.687569 3.21474 3.075773 3.287543 3.48853 3.638438 3.88792 4.172148 4.399035 4.6056 4.799111 4.96761 5.107211 5.2162 5.293853 5.340201 5.356812 5.347503 5.317623 5.2739 5.221939 5.164354
4.551706 4.596547 4.632929 4.659873 4.680615 4.701912 4.728651 4.758942 4.784844 4.797843 4.796104 4.78813 4.787474 4.804054 4.839596 4.889115 4.945835 5.007863 5.080741 5.16986 5.271218 5.372297 5.459434 5.523914 5.563313 5.577527 5.567622 5.536047 5.485231 5.416929 5.33198 5.231435 5.116529 4.988318 4.849461 4.708414 4.571949 4.422974 4.215436 3.904963 3.569091 3.151455 2.929765 3.170706 3.574828 3.818682 3.992697 4.204548 4.438161 4.650161 4.841076 5.011496 5.15625 5.270419 5.350683 5.396622 5.408588 5.389403 5.345273 5.283644 5.212974 5.139595 5.06474
4.360646 4.417913 4.469783 4.512332 4.545424 4.573599 4.603199 4.637459 4.67395 4.707782 4.736195 4.761679 4.791043 4.830599 4.882301 4.943696 5.010992 5.082453 5.159016 5.241254 5.325572 5.403872 5.467 5.508534 5.526792 5.522043 5.494802 5.445846 5.375254 5.282609 5.167768 5.033826 4.885996 4.727841 4.563449 4.403715 4.26571 4.131563 3.919474 3.512408 3.148543 2.973064 3.063628 3.507094 3.927263 4.159761 4.335106 4.516642 4.707817 4.89031 5.055447 5.198104 5.312743 5.393483 5.436841 5.44314 5.414142 5.355062 5.274922 5.183482 5.09088 5.004035 4.92273
4.136925 4.207041 4.273291 4.330371 4.375659 4.411928 4.445705 4.483366 4.527584 4.577065 4.629375 4.683385 4.740489 4.80322 4.872519 4.946713 5.0231 5.099541 5.174811 5.247627 5.314805 5.371044 5.410891 5.430711 5.43042 5.410825 5.371777 5.312588 5.230387 5.12105 4.982183 4.820412 4.648052 4.469167 4.286124 4.107294 3.972955 3.881737 3.709493 3.382233 3.27397 3.411128 3.581488 3.894221 4.220193 4.451527 4.630676 4.795465 4.956296 5.107499 5.241369 5.350607 5.428119 5.467746 5.466812 5.427213 5.353159 5.252857 5.138241 5.021245 4.913349 4.821907 4.745816
3.889917 3.974424 4.054242 4.124213 4.18068 4.225349 4.264595 4.306167 4.356146 4.416489 4.485948 4.561983 4.64222 4.725223 4.810097 4.894989 4.977158 5.05408 5.123803 5.184674 5.23453 5.270318 5.28935 5.290692 5.276032 5.246851 5.202919 5.142309 5.058442 4.941705 4.784657 4.600116 4.415461 4.231531 4.047132 3.850767 3.721181 3.698121 3.608424 3.479069 3.602549 3.84152 4.022377 4.258008 4.507032 4.714551 4.884908 5.033987 5.169414 5.289753 5.389138 5.459772 5.494121 5.486648 5.436233 5.347211 5.226943 5.086952 4.942211 4.806012 4.6896 4.600557 4.539098
3.631591 3.732044 3.82442 3.905084 3.970842 4.022929 4.067776 4.113698 4.168337 4.235931 4.316586 4.40749 4.504162 4.601964 4.697643 4.788598 4.872037 4.945354 5.00656 5.054378 5.087785 5.105656 5.107563 5.094714 5.070282 5.036806 4.994231 4.940043 4.864136 4.75093 4.58021 4.372676 4.1914 4.02331 3.874092 3.689647 3.601285 3.705787 3.740378 3.76255 3.931066 4.161381 4.362946 4.568979 4.772335 4.95153 5.103084 5.231784 5.340851 5.428927 5.490708 5.518785 5.5063 5.448751 5.346944 5.208313 5.043925 4.868698 4.70044 4.552581 4.433191 4.347923 4.303875
3.374889 3.491546 3.595016 3.683658 3.756085 3.813914 3.863585 3.913747 3.972518 4.04494 4.131883 4.230435 4.335284 4.440396 4.540588 4.632092 4.712174 4.778559 4.829766 4.865161 4.884551 4.888188 4.877375 4.854772 4.824437 4.789932 4.750992 4.70667 4.644156 4.548087 4.368415 4.12715 3.9678 3.830174 3.721566 3.664669 3.75636 3.985224 4.07503 4.144973 4.288628 4.476432 4.661209 4.840563 5.009849 5.159829 5.286236 5.38901 5.468082 5.520898 5.542356 5.525906 5.465673 5.358558 5.207563 5.023103 4.819686 4.615791 4.432104 4.281888 4.164863 4.075088 4.03966
3.132283 3.262457 3.374604 3.468583 3.54495 3.606552 3.659832 3.713283 3.77518 3.850394 3.939629 4.039742 4.145118 4.249549 4.34734 4.434126 4.50722 4.564898 4.606274 4.6311 4.639862 4.633806 4.614921 4.586591 4.552471 4.517025 4.477369 4.438793 4.380308 4.312254 4.140278 3.861803 3.728395 3.710814 3.759449 3.899551 4.116333 4.351622 4.445762 4.523323 4.637226 4.781437 4.932583 5.079834 5.21624 5.33539 5.432324 5.504379 5.549456 5.564226 5.544128 5.483838 5.378882 5.22716 5.03301 4.809524 4.574142 4.349054 4.158493 4.019791 3.919152 3.808086 3.754788
2.913548 3.051866 3.168662 3.26499 3.342845 3.406284 3.461875 3.517345 3.580691 3.656507 3.74479 3.841903 3.94204 4.039094 4.128241 4.205998 4.270099 4.319222 4.352628 4.370127 4.372482 4.361336 4.338295 4.307718 4.269591 4.232332 4.180129 4.137318 4.044588 3.941125 3.817287 3.729714 3.811754 3.947863 4.104057 4.301947 4.482265 4.658131 4.765304 4.849911 4.945201 5.055517 5.171483 5.284547 5.387607 5.474508 5.539034 5.576931 5.585161 5.560233 5.499028 5.398531 5.255857 5.068809 4.841277 4.588398 4.329637 4.091151 3.898763 3.787895 3.743109 3.618993 3.576085
2.722927 2.863472 2.980258 3.075471 3.152601 3.216422 3.273229 3.329468 3.392325 3.466367 3.551093 3.642078 3.733254 3.818915 3.895563 3.961662 4.01638 4.058601 4.087012 4.101231 4.101214 4.089372 4.064699 4.035954 3.990557 3.956477 3.880487 3.81779 3.768422 3.748056 3.762323 3.886575 4.165742 4.36397 4.494525 4.649266 4.798681 4.935589 5.037564 5.119695 5.199869 5.283832 5.368679 5.449353 5.519898 5.574024 5.60475 5.606956 5.577043 5.511917 5.411376 5.276467 5.106458 4.897253 4.648685 4.378678 4.10731 3.867269 3.670622 3.585558 3.614132 3.576278 3.704498
2.558684 2.69692 2.80978 2.900964 2.975891 3.039279 3.095934 3.151035 3.211358 3.281709 3.361379 3.445039 3.525851 3.598281 3.660764 3.714865 3.761643 3.799905 3.826635 3.841348 3.841109 3.833165 3.805585 3.78689 3.729652 3.694738 3.690699 3.745941 3.844707 3.944453 4.059118 4.200904 4.439258 4.642862 4.793188 4.932445 5.060223 5.172561 5.262079 5.334333 5.398936 5.460322 5.517991 5.56918 5.608979 5.631213 5.628666 5.595395 5.527346 5.422257 5.284053 5.120351 4.935445 4.720557 4.462319 4.189499 3.918849 3.707659 3.529303 3.497035 3.653577 3.780324 4.059975
2.415257 2.548634 2.654413 2.739629 2.812138 2.875483 2.930865 2.981856 3.036789 3.102302 3.17733 3.254715 3.326037 3.385138 3.433086 3.476684 3.518699 3.557139 3.58442 3.603309 3.600814 3.603969 3.568157 3.554537 3.576355 3.668738 3.821302 3.985818 4.140815 4.234134 4.348501 4.493052 4.685976 4.869394 5.02111 5.152011 5.26507 5.36004 5.435447 5.49437 5.542606 5.583267 5.616468 5.640759 5.651956 5.644163 5.610341 5.543759 5.439009 5.293471 5.116271 4.925116 4.736528 4.535734 4.271319 4.010573 3.751818 3.590844 3.559277 3.716691 4.011609 4.209506 4.467849
2.286296 2.412303 2.507588 2.585874 2.658415 2.724729 2.778665 2.821305 2.866365 2.926268 2.999228 3.074131 3.139782 3.187188 3.219962 3.255035 3.295818 3.339947 3.366349 3.395243 3.383787 3.391345 3.43255 3.545003 3.722855 3.923102 4.123713 4.26054 4.388138 4.488902 4.599796 4.733559 4.893107 5.051502 5.191535 5.311608 5.411817 5.492503 5.553967 5.598627 5.63067 5.651981 5.662439 5.661584 5.645936 5.61017 5.547923 5.452041 5.31402 5.126923 4.905543 4.678158 4.488544 4.326483 4.04265 3.787028 3.641141 3.662177 3.845968 4.13076 4.442564 4.64362 4.86587
2.165824 2.278375 2.35937 2.430853 2.510086 2.586534 2.639548 2.666939 2.695633 2.750684 2.826811 2.904879 2.971846 3.010453 3.024544 3.054368 3.096698 3.155077 3.174046 3.204482 3.263081 3.389853 3.581685 3.799826 4.024787 4.193967 4.355553 4.480391 4.589633 4.687706 4.792448 4.912502 5.046991 5.182083 5.305549 5.411871 5.499069 5.566842 5.615301 5.646084 5.662245 5.664638 5.653048 5.62791 5.586342 5.523634 5.435022 5.315604 5.151986 4.923675 4.655574 4.373586 4.162446 4.029382 3.786756 3.677407 3.751546 3.940113 4.210934 4.476998 4.751825 4.976015 5.19267
2.03859 2.13109 2.198763 2.265212 2.362665 2.460454 2.513281 2.513873 2.516467 2.571412 2.659866 2.745243 2.823558 2.859651 2.846927 2.880425 2.926515 2.991987 3.074616 3.214158 3.414442 3.642212 3.879621 4.06702 4.25073 4.400959 4.532811 4.641193 4.735946 4.82513 4.919595 5.025035 5.139311 5.253952 5.3604 5.45249 5.526946 5.582564 5.61861 5.635676 5.63577 5.618913 5.584836 5.534911 5.467027 5.375918 5.2585 5.120354 4.945736 4.678358 4.381957 4.06199 3.85756 3.818464 3.723024 3.795537 3.993526 4.205301 4.466705 4.729804 4.988484 5.220655 5.435738
1.838815 1.950602 2.022156 2.087052 2.217297 2.345883 2.397307 2.354408 2.317914 2.386815 2.501188 2.586158 2.684547 2.735164 2.694617 2.739733 2.865156 3.033723 3.242712 3.473688 3.715722 3.912738 4.107951 4.272816 4.421473 4.546999 4.653614 4.743075 4.822834 4.900176 4.982044 5.072061 5.168337 5.26508 5.355691 5.434095 5.496345 5.54027 5.563984 5.566863 5.54983 5.512278 5.453741 5.376668 5.280951 5.157846 4.998439 4.835816 4.670646 4.356224 4.043975 3.832593 3.808076 3.916967 3.920913 4.015221 4.203329 4.421872 4.668436 4.919306 5.163477 5.389345 5.594885
1.719107 1.799834 1.852414 1.928652 2.088013 2.229475 2.273498 2.179229 2.096452 2.207828 2.364592 2.420643 2.49925 2.589146 2.676052 2.871191 3.103253 3.335074 3.568853 3.76351 3.960168 4.130635 4.287079 4.422163 4.539131 4.637377 4.719502 4.789011 4.852258 4.915645 4.983923 5.058878 5.138675 5.218936 5.294269 5.359099 5.409312 5.441748 5.452759 5.439812 5.402989 5.341704 5.254836 5.145467 5.021487 4.868918 4.641642 4.420634 4.244603 3.945167 3.775967 3.800624 3.93843 4.101151 4.148752 4.243498 4.40601 4.607139 4.83119 5.060028 5.282001 5.488384 5.673916
1.855186 1.89352 1.922672 1.953958 2.002706 2.029779 2.042772 1.976394 1.915648 2.060756 2.251818 2.378835 2.541776 2.697613 2.901207 3.2118 3.464695 3.652912 3.838933 4.004315 4.160006 4.297486 4.418264 4.520891 4.606819 4.677175 4.734894 4.784113 4.830297 4.878781 4.932806 4.992836 5.05706 5.121654 5.181938 5.233029 5.270709 5.290766 5.286952 5.254299 5.192805 5.103858 4.98431 4.831666 4.678413 4.523183 4.227067 3.964884 3.849051 3.686823 3.710493 3.87269 4.034881 4.198437 4.307106 4.425683 4.578761 4.759381 4.95579 5.154219 5.345192 5.522534 5.680698
2.100698 2.148311 2.174795 2.141627 2.074665 2.026607 2.076937 2.143454 2.201748 2.333127 2.477658 2.637422 2.871203 3.058982 3.242688 3.492163 3.717435 3.895344 4.052657 4.190355 4.312236 4.416408 4.50328 4.573603 4.628975 4.672067 4.706576 4.736153 4.765456 4.798896 4.838366 4.883399 4.932081 4.980859 5.02573 5.062291 5.085943 5.091009 5.067951 5.008767 4.914049 4.793931 4.643454 4.428144 4.22445 4.067955 3.801847 3.684983 3.732789 3.697047 3.76631 3.933155 4.113816 4.287008 4.430967 4.568815 4.716657 4.875595 5.03992 5.201517 5.355341 5.498902 5.628015
2.331631 2.359786 2.375219 2.352491 2.317192 2.330916 2.450823 2.614124 2.7563 2.87281 2.955888 3.049703 3.211033 3.376761 3.546236 3.741568 3.926687 4.082861 4.21529 4.326241 4.417925 4.490474 4.545312 4.584798 4.611765 4.629984 4.643123 4.654349 4.667705 4.686369 4.710954 4.740364 4.772473 4.804291 4.832505 4.852678 4.859285 4.844555 4.795371 4.699064 4.555135 4.39949 4.241802 3.967275 3.734983 3.648963 3.530898 3.590154 3.732018 3.776286 3.872813 4.033258 4.214672 4.390775 4.54694 4.68874 4.823846 4.955598 5.083089 5.203767 5.318404 5.429531 5.535117
2.539581 2.560003 2.578693 2.585285 2.598623 2.657163 2.785598 2.951963 3.106853 3.226956 3.314291 3.402238 3.52302 3.659011 3.803233 3.956901 4.10332 4.230153 4.335299 4.418704 4.481246 4.524128 4.549724 4.561318 4.563099 4.559488 4.553872 4.548906 4.547587 4.551489 4.560156 4.572135 4.58559 4.598581 4.608111 4.608768 4.592912 4.550187 4.465136 4.319531 4.09917 3.887798 3.726791 3.488562 3.404196 3.483559 3.489809 3.585041 3.734728 3.854349 3.992794 4.162376 4.343136 4.514672 4.665401 4.794638 4.90562 5.002573 5.088485 5.166771 5.244876 5.331124 5.425848
2.727789 2.751794 2.782059 2.816073 2.865013 2.947857 3.073339 3.224257 3.370817 3.492986 3.590196 3.681084 3.784084 3.897403 4.015945 4.135624 4.247303 4.342998 4.418983 4.474096 4.508544 4.523979 4.523518 4.511181 4.491762 4.469972 4.44894 4.430282 4.415359 4.403974 4.3948 4.386529 4.378369 4.36971 4.357464 4.333908 4.286605 4.200602 4.061543 3.856922 3.547929 3.312654 3.232511 3.151708 3.250655 3.431765 3.517046 3.637866 3.796854 3.959293 4.131361 4.313358 4.491935 4.652142 4.785197 4.888912 4.965947 5.022168 5.064122 5.101474 5.149153 5.222535 5.324717
2.896364 2.930286 2.974483 3.028956 3.099713 3.194781 3.315733 3.451787 3.585776 3.704859 3.80679 3.89975 3.993426 4.089639 4.185524 4.276747 4.357621 4.423213 4.470343 4.497814 4.505955 4.496907 4.474307 4.442481 4.406527 4.370958 4.337945 4.307805 4.280007 4.252301 4.222457 4.190057 4.156185 4.121973 4.084558 4.032747 3.94366 3.789404 3.547803 3.207741 2.875914 2.837692 2.980304 3.057301 3.20993 3.405131 3.560938 3.722894 3.904645 4.095662 4.289817 4.478589 4.649647 4.791673 4.898534 4.969274 5.008192 5.022843 5.022665 5.023374 5.048676 5.122435 5.251257
3.042624 3.08783 3.14503 3.214149 3.297749 3.398449 3.515046 3.640079 3.762947 3.875789 3.976624 4.06849 4.155256 4.23762 4.313761 4.380488 4.434126 4.471796 4.49161 4.493437 4.478347 4.448981 4.409069 4.362683 4.315131 4.27036 4.228936 4.189477 4.149277 4.103607 4.049247 3.987373 3.92212 3.857386 3.792134 3.713545 3.58297 3.350113 2.968548 2.5897 2.509173 2.734236 2.97044 3.11082 3.273393 3.46381 3.650713 3.843361 4.047273 4.256446 4.460517 4.646677 4.802823 4.92059 4.997238 5.034643 5.038737 5.017659 4.981958 4.952426 4.962562 5.04621 5.214847
3.165327 3.219734 3.286783 3.365641 3.456546 3.559346 3.671651 3.788322 3.902689 4.009448 4.106563 4.194454 4.273766 4.343792 4.402726 4.447908 4.477223 4.489627 4.484976 4.464627 4.43046 4.385622 4.333618 4.277986 4.223758 4.173811 4.127049 4.080442 4.02872 3.963628 3.880349 3.782526 3.679001 3.577037 3.479853 3.383152 3.232039 2.958928 2.590741 2.45568 2.660247 2.911429 3.093584 3.240958 3.401941 3.586893 3.785371 3.995104 4.21263 4.429135 4.631206 4.804325 4.937966 5.027592 5.075267 5.08643 5.067702 5.025095 4.965869 4.91325 4.911388 5.008007 5.220498
