data/ASC/slope.asc
ncols         526
nrows         626
xllcorner     -13649947.421443
yllcorner     4637615.7421359
cellsize      0.91307512910743
NODATA_value  -9999
[rows 112 to 139 of 626, columns 315 to 377 of 526]
5.828477 5.52148 5.483276 5.651317 5.799721 5.902405 5.95517 5.952204 5.923208 5.977992 6.097152 6.048466 5.948369 6.047672 6.266509 6.342005 6.047068 5.640986 5.445784 5.550364 5.641281 5.531409 5.337567 5.259482 5.345221 5.360959 5.324589 5.261511 5.204022 5.169989 5.1651 5.188901 5.236128 5.29231 5.3333 5.330276 5.261112 5.12414 4.943182 4.760486 4.617854 4.536215 4.498504 4.505536 4.564776 4.640031 4.739415 4.892976 5.119358 5.395056 5.652183 5.808522 5.808185 5.651389 5.398546 5.149493 5.000663 4.996255 5.114052 5.293262 5.472348 5.61369 5.704062
5.70586 5.46486 5.504576 5.691322 5.837843 5.921048 5.951118 5.932255 5.883084 5.901423 5.979023 6.00314 6.032865 6.119339 6.262608 6.429302 6.239347 5.930111 5.818516 5.875848 5.830773 5.655028 5.469581 5.379906 5.423714 5.428933 5.392693 5.326505 5.26301 5.224011 5.217801 5.243419 5.29019 5.335138 5.348304 5.303035 5.189622 5.023723 4.841665 4.686135 4.588018 4.560604 4.562943 4.563394 4.590788 4.659449 4.771366 4.966567 5.243226 5.539163 5.761223 5.833034 5.730882 5.495709 5.220589 5.01618 4.956822 5.041397 5.21329 5.405929 5.572063 5.692037 5.765735
5.575791 5.455304 5.568694 5.740293 5.873466 5.938302 5.947803 5.916075 5.847794 5.824282 5.840961 5.748756 5.69929 5.849576 6.08116 6.400229 6.362606 6.123032 5.952703 5.821159 5.736993 5.654922 5.544425 5.451506 5.438874 5.457419 5.432845 5.370925 5.307569 5.269684 5.266897 5.295256 5.336513 5.360682 5.337204 5.248456 5.100737 4.924513 4.760966 4.642599 4.577888 4.555291 4.576409 4.615751 4.626792 4.678061 4.818264 5.069902 5.388022 5.673215 5.82647 5.796296 5.599998 5.319623 5.068963 4.945709 4.982866 5.1367 5.33415 5.516585 5.65506 5.748947 5.820439
5.507407 5.522542 5.669505 5.807353 5.913841 5.959551 5.952901 5.915387 5.835736 5.794142 5.867427 5.831079 5.670337 5.721284 5.891921 6.265742 6.323477 6.024627 5.701681 5.513228 5.536222 5.585271 5.516681 5.407566 5.395987 5.466424 5.45407 5.399204 5.341061 5.309117 5.312001 5.339789 5.367178 5.362098 5.298755 5.172504 5.00601 4.839866 4.712811 4.641267 4.608305 4.559921 4.521471 4.549623 4.59417 4.686267 4.890525 5.20269 5.535579 5.771437 5.828749 5.6951 5.430913 5.150309 4.969178 4.948587 5.070556 5.264614 5.459936 5.613396 5.710644 5.757485 5.775097
5.485401 5.597993 5.744606 5.872057 5.955466 5.982166 5.966224 5.929587 5.843014 5.770203 5.823873 5.837515 5.660828 5.660304 5.742064 6.097471 6.228792 5.950427 5.666889 5.542957 5.559596 5.588127 5.515596 5.403152 5.399102 5.486202 5.469934 5.417599 5.366494 5.343561 5.352037 5.373821 5.378739 5.337039 5.233861 5.080953 4.914439 4.777085 4.697893 4.678679 4.697705 4.690695 4.630301 4.5743 4.592948 4.72808 5.003685 5.356104 5.66256 5.811887 5.759364 5.538443 5.248383 5.016973 4.936882 5.017924 5.199472 5.404281 5.57679 5.691871 5.747135 5.749151 5.705059
5.521396 5.689649 5.823909 5.932152 5.991931 6.002013 5.974226 5.942124 5.86608 5.763623 5.769487 5.781854 5.592922 5.570682 5.594613 5.912973 6.111548 5.864421 5.608767 5.530159 5.56146 5.587418 5.515902 5.399678 5.387996 5.47748 5.466014 5.423202 5.384673 5.372829 5.383546 5.392126 5.366951 5.285382 5.148426 4.984026 4.834667 4.736156 4.702091 4.711043 4.696484 4.652441 4.618942 4.57631 4.614799 4.81658 5.154022 5.507682 5.743963 5.781715 5.623735 5.349102 5.083664 4.943807 4.974872 5.135937 5.345822 5.536828 5.673962 5.749248 5.771603 5.755003 5.700084
5.573025 5.771851 5.905648 5.990921 6.024219 6.016026 5.975681 5.938313 5.876557 5.766222 5.736885 5.758187 5.566887 5.496173 5.461735 5.725608 5.986957 5.781668 5.532775 5.473269 5.519147 5.555764 5.495241 5.380343 5.358144 5.445729 5.445972 5.421223 5.400475 5.398304 5.403504 5.389314 5.329028 5.211914 5.054265 4.894231 4.77201 4.711415 4.713904 4.759813 4.744497 4.645922 4.559886 4.546845 4.660927 4.947733 5.319564 5.627975 5.759535 5.679534 5.440914 5.16038 4.968389 4.943395 5.07279 5.280772 5.48846 5.647235 5.741479 5.776618 5.76967 5.748548 5.711612
5.665668 5.85884 5.984427 6.047515 6.053275 6.021965 5.97087 5.925425 5.869964 5.770802 5.705182 5.722388 5.595799 5.517265 5.42827 5.608764 5.890749 5.728122 5.483257 5.425206 5.472414 5.516182 5.467742 5.352792 5.316631 5.401871 5.420019 5.419231 5.416602 5.418019 5.408608 5.364047 5.268009 5.124974 4.963234 4.82245 4.731918 4.696758 4.696644 4.701303 4.678037 4.63413 4.539734 4.551321 4.754521 5.109107 5.469711 5.690541 5.699979 5.517082 5.240372 5.00701 4.923665 5.011375 5.208398 5.428521 5.610068 5.725821 5.774484 5.767457 5.720194 5.651757 5.608269
5.795085 5.954473 6.059993 6.100646 6.079348 6.023151 5.959066 5.912639 5.857194 5.778252 5.702439 5.657136 5.571787 5.563692 5.479611 5.592776 5.851081 5.709395 5.472432 5.417848 5.4642 5.508083 5.461977 5.335731 5.276581 5.360141 5.401878 5.42605 5.436423 5.431933 5.398029 5.318389 5.190667 5.034326 4.885314 4.777791 4.724518 4.709088 4.687304 4.606447 4.491779 4.454466 4.443737 4.575457 4.886486 5.272225 5.572784 5.677874 5.569821 5.32022 5.059877 4.919541 4.955825 5.130856 5.357811 5.561049 5.701365 5.769916 5.775463 5.733063 5.656807 5.54711 5.471425
5.89154 6.035492 6.121734 6.143093 6.099613 6.022332 5.944382 5.900631 5.851593 5.793248 5.747016 5.642791 5.513854 5.56292 5.529065 5.631919 5.861812 5.718122 5.489063 5.450077 5.5061 5.553773 5.506216 5.349114 5.246297 5.337372 5.407468 5.44831 5.460131 5.437975 5.370575 5.253921 5.102153 4.946755 4.825058 4.760665 4.748973 4.756388 4.727516 4.61325 4.449953 4.378449 4.414565 4.660258 5.044016 5.406684 5.606873 5.587554 5.388496 5.124071 4.933769 4.911492 5.051798 5.276587 5.499476 5.665761 5.757161 5.778706 5.746279 5.680253 5.607071 5.531373 5.462328
5.977666 6.094843 6.158827 6.16279 6.104453 6.013865 5.925815 5.87897 5.84508 5.823945 5.864827 5.803318 5.574513 5.55718 5.536586 5.663805 5.89044 5.734693 5.508957 5.497097 5.579285 5.648673 5.6298 5.507555 5.395001 5.421738 5.452686 5.482679 5.481067 5.43104 5.325711 5.175708 5.010587 4.869 4.783119 4.762123 4.785302 4.806338 4.76589 4.606066 4.405117 4.357875 4.474703 4.807427 5.202207 5.487643 5.564759 5.435023 5.189573 4.966858 4.884624 4.977291 5.187299 5.423585 5.616681 5.735365 5.777805 5.757127 5.691223 5.598458 5.498184 5.434884 5.412525
6.04424 6.132055 6.170276 6.155904 6.088165 5.992362 5.898095 5.836739 5.786058 5.757104 5.83261 5.867441 5.65914 5.586687 5.530833 5.666494 5.90913 5.744795 5.51352 5.525228 5.637115 5.736322 5.756759 5.667893 5.515809 5.435006 5.456163 5.497864 5.48686 5.406391 5.264606 5.090692 4.925495 4.807193 4.757236 4.769239 4.807268 4.818302 4.763647 4.58035 4.395952 4.412333 4.623578 4.991488 5.332533 5.501794 5.455523 5.250807 5.014323 4.880956 4.918936 5.099829 5.338068 5.553116 5.700142 5.768222 5.766825 5.712844 5.624252 5.517923 5.398715 5.326469 5.324856
6.087326 6.147585 6.160862 6.126677 6.051001 5.955089 5.862835 5.793426 5.708255 5.643346 5.705215 5.777941 5.638988 5.590192 5.524606 5.656596 5.911932 5.738956 5.491529 5.511464 5.636515 5.751862 5.796993 5.691374 5.490265 5.389205 5.463848 5.511387 5.481046 5.365538 5.191887 5.005797 4.853076 4.764397 4.746062 4.775086 4.800451 4.761358 4.628362 4.431381 4.395496 4.530911 4.827046 5.173751 5.411388 5.44977 5.303502 5.074284 4.900226 4.881192 5.022251 5.251189 5.480705 5.652775 5.74687 5.76668 5.727935 5.649765 5.551501 5.456926 5.375467 5.321871 5.307278
6.110899 6.141474 6.132993 6.081165 5.998975 5.906221 5.823243 5.765346 5.675475 5.592993 5.64704 5.719697 5.577614 5.52912 5.484107 5.635499 5.911107 5.731199 5.45283 5.456806 5.57056 5.681857 5.753677 5.677631 5.510952 5.438715 5.524496 5.536636 5.465103 5.309944 5.112666 4.928083 4.798877 4.743305 4.751336 4.783774 4.779092 4.678759 4.469197 4.313466 4.470208 4.71383 5.044789 5.320205 5.42819 5.346069 5.14228 4.943646 4.869167 4.960399 5.167685 5.403485 5.597517 5.7164 5.757649 5.73494 5.666777 5.571532 5.465818 5.364842 5.30412 5.284777 5.272011
6.122393 6.120901 6.088701 6.02311 5.938581 5.852706 5.778481 5.736444 5.663728 5.562042 5.561407 5.603562 5.477396 5.444624 5.416507 5.592795 5.902565 5.733284 5.420177 5.383367 5.462407 5.551877 5.646437 5.618263 5.501241 5.456382 5.544255 5.530621 5.422097 5.237007 5.031505 4.863866 4.767777 4.746231 4.773407 4.79754 4.756728 4.614524 4.403127 4.36307 4.673102 4.957544 5.25093 5.413266 5.388763 5.217441 5.00807 4.88553 4.92061 5.09336 5.324399 5.53456 5.677853 5.742241 5.736763 5.68005 5.591726 5.489265 5.387321 5.289667 5.241072 5.250051 5.257523
6.126913 6.096509 6.036984 5.955627 5.869835 5.793478 5.733016 5.704343 5.659513 5.560116 5.508166 5.510829 5.395395 5.37783 5.363255 5.546615 5.880243 5.736099 5.401091 5.315598 5.349747 5.404912 5.509916 5.523673 5.453383 5.434455 5.518829 5.483189 5.348088 5.149584 4.953806 4.816594 4.759521 4.769748 4.806122 4.808441 4.72456 4.551705 4.3627 4.471064 4.937761 5.218427 5.418771 5.44749 5.310171 5.095885 4.93012 4.906407 5.033869 5.247962 5.465963 5.630599 5.718556 5.732778 5.689769 5.60942 5.511026 5.412178 5.329978 5.268929 5.237273 5.230866 5.255158
6.12397 6.07218 5.989038 5.889578 5.798467 5.727778 5.685239 5.677273 5.677773 5.653224 5.609085 5.549744 5.401223 5.366421 5.344966 5.518492 5.856572 5.736667 5.395254 5.269343 5.264427 5.282146 5.379797 5.418212 5.380497 5.377537 5.451556 5.397843 5.249272 5.055338 4.886126 4.789317 4.772631 4.807718 4.839502 4.804727 4.669548 4.474509 4.339401 4.632458 5.228955 5.445685 5.521786 5.423865 5.213391 5.008534 4.921978 4.99415 5.180276 5.39787 5.578491 5.688451 5.722792 5.69449 5.623613 5.529869 5.430418 5.338846 5.264142 5.228804 5.230114 5.231468 5.252384
6.114691 6.047817 5.948702 5.83466 5.735878 5.664328 5.624846 5.610017 5.58342 5.594169 5.644411 5.605204 5.434604 5.38522 5.349939 5.502822 5.830158 5.726253 5.387829 5.239004 5.213244 5.205179 5.285437 5.326976 5.301044 5.298499 5.35415 5.28679 5.13857 4.966298 4.836693 4.785274 4.805324 4.854189 4.866893 4.782536 4.587285 4.354228 4.211868 4.643388 5.355358 5.558313 5.534429 5.349391 5.119736 4.971604 4.978917 5.124578 5.331947 5.524164 5.654591 5.709152 5.696367 5.635075 5.546127 5.448407 5.356287 5.278914 5.215525 5.19287 5.20648 5.233648 5.277248
6.097843 6.021231 5.914497 5.792568 5.688123 5.615398 5.574831 5.544712 5.469072 5.436288 5.526266 5.560534 5.427628 5.390173 5.3479 5.480285 5.787443 5.689033 5.355215 5.200754 5.179507 5.166099 5.231282 5.263314 5.229917 5.212222 5.244907 5.170296 5.03511 4.897135 4.813241 4.804887 4.852034 4.900725 4.883253 4.752791 4.526767 4.303973 4.270571 4.791401 5.387541 5.567306 5.472653 5.250002 5.052797 4.990395 5.082398 5.268521 5.465596 5.614422 5.690514 5.695361 5.645319 5.561383 5.464013 5.370323 5.292111 5.237225 5.204172 5.200457 5.212517 5.236727 5.288606
6.07203 5.98721 5.881165 5.761966 5.658694 5.588226 5.552442 5.5327 5.471754 5.410586 5.451275 5.492176 5.399783 5.376315 5.323402 5.437843 5.720908 5.616469 5.284554 5.135596 5.14054 5.144639 5.207197 5.227164 5.175102 5.132597 5.143184 5.070225 4.958913 4.861869 4.822794 4.848739 4.906879 4.93591 4.874684 4.704818 4.487383 4.346255 4.580884 5.186211 5.510919 5.556966 5.387862 5.163176 5.03103 5.057457 5.208703 5.402543 5.567092 5.665118 5.690346 5.654794 5.578344 5.481717 5.383603 5.298898 5.236192 5.194465 5.177374 5.186292 5.218361 5.265433 5.322052
6.041801 5.946193 5.843791 5.736432 5.642013 5.578548 5.545226 5.530229 5.477353 5.389906 5.400337 5.449346 5.387007 5.356581 5.278983 5.378068 5.63941 5.519799 5.181821 5.044124 5.093563 5.132247 5.20684 5.219599 5.143342 5.071276 5.067091 5.006334 4.924938 4.868241 4.866639 4.911922 4.959363 4.945674 4.824249 4.609582 4.404401 4.358767 4.832628 5.514673 5.62961 5.526026 5.30069 5.107218 5.055462 5.154709 5.334149 5.510171 5.630481 5.678521 5.660895 5.59528 5.502475 5.401972 5.309668 5.2376 5.193258 5.171198 5.169239 5.18519 5.221777 5.282973 5.360941
6.010793 5.904709 5.802273 5.707532 5.624212 5.570373 5.542055 5.536813 5.534877 5.472301 5.441085 5.458099 5.401491 5.34204 5.229987 5.319883 5.568208 5.434588 5.080822 4.950222 5.06336 5.147752 5.242268 5.253003 5.147298 5.040695 5.035267 4.996123 4.942496 4.91736 4.939255 4.98432 4.998663 4.923327 4.732497 4.469726 4.249514 4.195411 4.779132 5.531558 5.593765 5.424385 5.203873 5.080515 5.11345 5.262369 5.442153 5.583982 5.657035 5.660772 5.609862 5.524089 5.423636 5.32621 5.244435 5.18494 5.148581 5.144788 5.164236 5.19688 5.250181 5.319916 5.41158
5.975487 5.86657 5.7619 5.674957 5.599408 5.548704 5.509573 5.465646 5.472215 5.477795 5.461078 5.454468 5.406528 5.325523 5.191776 5.285081 5.535854 5.415293 5.05428 4.91535 5.116737 5.244197 5.348005 5.357051 5.211043 5.053938 5.070017 5.053695 5.010099 4.999386 5.026849 5.052508 5.016733 4.872427 4.625372 4.360676 4.207011 4.275306 4.824142 5.359477 5.416844 5.260262 5.106454 5.079715 5.188385 5.362819 5.523381 5.623601 5.652359 5.619988 5.545339 5.448585 5.348143 5.258878 5.190643 5.146106 5.117926 5.121204 5.154236 5.200716 5.271092 5.361604 5.470016
5.931557 5.830976 5.729376 5.646403 5.574286 5.525745 5.478306 5.391441 5.354695 5.37923 5.398486 5.40517 5.38499 5.308017 5.18191 5.287837 5.54565 5.501944 5.335765 5.362589 5.506877 5.490785 5.540538 5.567956 5.496314 5.37483 5.309209 5.182753 5.10003 5.087178 5.106787 5.098464 5.00263 4.791829 4.505186 4.25316 4.144774 4.431227 4.981767 5.233062 5.222105 5.100603 5.039481 5.107915 5.269545 5.445595 5.574242 5.631494 5.62188 5.562325 5.472785 5.372559 5.277833 5.200566 5.148193 5.123183 5.119084 5.132446 5.169219 5.229807 5.31179 5.41566 5.535451
5.880908 5.793878 5.704678 5.627693 5.558126 5.516588 5.484206 5.399522 5.341854 5.352101 5.354964 5.347703 5.354849 5.303227 5.209758 5.323638 5.538884 5.484368 5.427274 5.677374 5.794587 5.682937 5.688952 5.730437 5.710647 5.564501 5.347109 5.175097 5.132497 5.145153 5.158118 5.109259 4.952485 4.690249 4.399613 4.200577 4.201118 4.565252 4.969005 5.098845 5.05353 4.99027 5.024147 5.16501 5.349349 5.505913 5.595207 5.612498 5.572554 5.495192 5.399539 5.302514 5.217341 5.15314 5.114604 5.096846 5.102875 5.134584 5.187139 5.265328 5.364752 5.480096 5.602386
5.829704 5.755042 5.681165 5.614334 5.550618 5.516572 5.509498 5.467758 5.428733 5.416879 5.360919 5.300437 5.321817 5.312599 5.27287 5.40077 5.558992 5.436225 5.269724 5.522622 5.680332 5.647745 5.673592 5.714136 5.645658 5.427564 5.193016 5.113489 5.142532 5.181266 5.177926 5.081735 4.869466 4.575277 4.299694 4.143797 4.330464 4.752849 4.959114 4.990598 4.944589 4.949853 5.060812 5.24097 5.41935 5.542002 5.590378 5.573715 5.511882 5.4248 5.329964 5.241517 5.169344 5.119644 5.097498 5.097692 5.108823 5.143137 5.215657 5.313974 5.42684 5.547503 5.662671
5.782378 5.718212 5.658853 5.600906 5.540897 5.501984 5.47626 5.431049 5.436835 5.463829 5.376363 5.256105 5.278857 5.318704 5.349285 5.508787 5.647086 5.521307 5.305826 5.458807 5.525551 5.495442 5.535532 5.591284 5.539844 5.374297 5.203954 5.162126 5.188514 5.213842 5.172077 5.02223 4.769947 4.481684 4.260048 4.207047 4.476274 4.8094 4.932869 4.923134 4.907384 4.977168 5.13545 5.322007 5.473107 5.55475 5.565376 5.521924 5.445886 5.356212 5.267681 5.191174 5.133327 5.096057 5.079133 5.098965 5.145059 5.193757 5.271214 5.379294 5.497893 5.61414 5.713978
5.746015 5.686507 5.639343 5.590481 5.533219 5.488906 5.447373 5.348637 5.324986 5.411168 5.369101 5.215962 5.229424 5.303069 5.399983 5.596478 5.725541 5.592782 5.341921 5.398332 5.376725 5.312031 5.347364 5.422734 5.41411 5.309432 5.192708 5.190479 5.227198 5.231339 5.141509 4.938157 4.662286 4.411712 4.287503 4.436855 4.760149 4.900167 4.929536 4.907375 4.933799 5.05135 5.226749 5.394494 5.505955 5.545861 5.524639 5.462975 5.38113 5.295584 5.218246 5.156254 5.113573 5.090259 5.075983 5.087251 5.151163 5.241461 5.342048 5.457305 5.573763 5.676481 5.756477
