data/ASC/slope.asc
ncols         526
nrows         626
xllcorner     -13649947.421443
yllcorner     4637615.7421359
cellsize      0.91307512910743
NODATA_value  -9999
[rows 140 to 167 of 626, columns 315 to 377 of 526]
5.727021 5.667336 5.623823 5.583453 5.536857 5.500158 5.475739 5.372031 5.299747 5.379639 5.384656 5.216862 5.197365 5.266572 5.399795 5.625183 5.754725 5.630464 5.370148 5.352794 5.266703 5.163838 5.182759 5.271522 5.304807 5.248117 5.165878 5.201905 5.254272 5.232792 5.090786 4.839382 4.549908 4.325107 4.232222 4.46933 4.838458 4.932077 4.929659 4.927909 4.999152 5.144982 5.314017 5.448552 5.517203 5.519611 5.474328 5.403076 5.32271 5.245776 5.18159 5.135285 5.109834 5.110202 5.131561 5.145658 5.176557 5.276041 5.410022 5.536386 5.644949 5.729382 5.790737
5.720912 5.665602 5.620067 5.579765 5.544952 5.525548 5.524518 5.44678 5.346112 5.379448 5.416385 5.269757 5.205995 5.231255 5.358026 5.586307 5.713259 5.61328 5.377099 5.323388 5.205078 5.081134 5.08577 5.183939 5.25977 5.234497 5.150925 5.228088 5.295313 5.234375 5.038342 4.756247 4.486753 4.323204 4.304972 4.528091 4.807807 4.911267 4.930706 4.972475 5.082909 5.238487 5.385237 5.480364 5.508936 5.481644 5.421149 5.347509 5.2738 5.208964 5.158944 5.126061 5.110973 5.117585 5.167569 5.23856 5.290606 5.377213 5.502999 5.618882 5.709042 5.773448 5.819856
5.719157 5.674387 5.628701 5.579862 5.541263 5.516673 5.512699 5.47319 5.396516 5.389249 5.4257 5.33519 5.253967 5.220511 5.309729 5.510256 5.611217 5.531641 5.343243 5.294112 5.180552 5.059292 5.055696 5.160723 5.307817 5.437099 5.445227 5.455979 5.404645 5.255632 5.00187 4.707102 4.473443 4.365672 4.449858 4.670503 4.83255 4.909785 4.954713 5.036949 5.170893 5.319925 5.43618 5.491942 5.487145 5.440195 5.373008 5.302297 5.238831 5.188722 5.15423 5.134663 5.127418 5.129138 5.16452 5.259532 5.373552 5.483541 5.595585 5.693201 5.762799 5.810256 5.844199
5.72444 5.68733 5.645794 5.590795 5.543286 5.503371 5.464687 5.425143 5.399999 5.409041 5.418837 5.370206 5.308496 5.23616 5.287117 5.44569 5.494419 5.408965 5.268559 5.25368 5.175033 5.077085 5.062385 5.128771 5.236741 5.425744 5.590337 5.610381 5.477895 5.263199 4.979796 4.703371 4.516325 4.461048 4.572907 4.751036 4.872104 4.939029 5.007016 5.11538 5.25482 5.385087 5.468111 5.489396 5.459772 5.401665 5.334794 5.272066 5.220997 5.185409 5.166433 5.162947 5.171168 5.178323 5.187988 5.253821 5.390988 5.540002 5.661954 5.74801 5.802445 5.837718 5.857182
5.741093 5.70552 5.667422 5.613297 5.568411 5.529676 5.468565 5.422865 5.412202 5.438501 5.439766 5.384551 5.332033 5.256971 5.294836 5.426321 5.417801 5.295395 5.180422 5.216904 5.191753 5.127521 5.107285 5.126186 5.149885 5.242656 5.42206 5.519786 5.436903 5.226024 4.959408 4.733326 4.60749 4.624926 4.751813 4.863223 4.939932 4.999982 5.082562 5.201022 5.331548 5.435249 5.48505 5.478577 5.433093 5.371197 5.309715 5.258105 5.220072 5.196939 5.189934 5.20043 5.233594 5.282682 5.29576 5.31108 5.435159 5.598188 5.7146 5.786258 5.829037 5.853029 5.848416
5.767941 5.728661 5.68828 5.634715 5.601992 5.585176 5.521509 5.466386 5.448762 5.461616 5.469282 5.418689 5.34853 5.26944 5.314629 5.446602 5.415207 5.250099 5.126641 5.227589 5.261326 5.223679 5.203877 5.208547 5.227624 5.285973 5.395513 5.445678 5.36233 5.166473 4.939368 4.775918 4.717816 4.776657 4.893671 4.974008 5.025425 5.082574 5.170835 5.285879 5.397714 5.472215 5.492532 5.465533 5.411982 5.352568 5.300014 5.26019 5.234288 5.220844 5.219041 5.228819 5.255458 5.335487 5.438779 5.489314 5.567236 5.679388 5.761842 5.81314 5.844806 5.853943 5.814703
5.805021 5.758463 5.709148 5.645934 5.609616 5.598855 5.550118 5.509795 5.498233 5.489897 5.482672 5.459125 5.393979 5.309773 5.353874 5.485943 5.488651 5.42067 5.404419 5.476152 5.434433 5.367709 5.329316 5.312397 5.307484 5.327275 5.381394 5.383602 5.284245 5.105859 4.930385 4.83756 4.847651 4.929057 5.018754 5.074618 5.11536 5.173488 5.26167 5.364936 5.452747 5.498557 5.494927 5.454962 5.400144 5.347682 5.306528 5.279191 5.26409 5.257996 5.259361 5.265502 5.264705 5.291442 5.427011 5.58315 5.677296 5.741482 5.789403 5.823899 5.846378 5.836597 5.756794
5.845521 5.796041 5.740325 5.667013 5.620152 5.586354 5.52854 5.523947 5.543555 5.524413 5.49579 5.489961 5.454962 5.393609 5.428988 5.516159 5.493476 5.478687 5.620887 5.69712 5.598388 5.502633 5.444194 5.402999 5.36825 5.351435 5.361945 5.325304 5.211718 5.055368 4.935964 4.910552 4.968001 5.054881 5.123617 5.164208 5.201737 5.261169 5.345179 5.43342 5.49758 5.51841 5.496666 5.449947 5.398884 5.356941 5.329239 5.315033 5.309656 5.309153 5.315715 5.338633 5.376998 5.386963 5.432333 5.556793 5.672305 5.73948 5.779189 5.810076 5.828053 5.797131 5.661545
5.878986 5.830421 5.77763 5.713535 5.68916 5.659984 5.5726 5.561989 5.601469 5.568218 5.509729 5.521231 5.52257 5.498486 5.543051 5.579393 5.489889 5.397229 5.560512 5.693537 5.655552 5.578604 5.51834 5.460496 5.400757 5.353514 5.329727 5.264501 5.144522 5.015705 4.950427 4.979161 5.066518 5.153123 5.208182 5.241295 5.279202 5.338453 5.414846 5.486789 5.529773 5.531415 5.498812 5.451553 5.40838 5.379532 5.366707 5.365779 5.368837 5.368784 5.366354 5.373543 5.425833 5.483658 5.514726 5.572655 5.645858 5.698827 5.737851 5.770592 5.783574 5.717996 5.561637
5.899684 5.84945 5.793115 5.721861 5.70437 5.706231 5.624792 5.604541 5.66163 5.622336 5.523032 5.539821 5.586765 5.612286 5.676325 5.695262 5.583394 5.457407 5.584505 5.686963 5.66617 5.60883 5.55472 5.487013 5.407758 5.335946 5.286103 5.202774 5.084915 4.986102 4.968183 5.036696 5.140538 5.225141 5.273738 5.305501 5.345161 5.402452 5.469144 5.524776 5.549716 5.538236 5.50168 5.459427 5.427597 5.413632 5.416732 5.430187 5.443072 5.444556 5.431773 5.413276 5.42663 5.484232 5.534636 5.566273 5.600947 5.640511 5.680905 5.710125 5.684021 5.587986 5.534076
5.896485 5.848846 5.792716 5.71231 5.674318 5.69459 5.650794 5.633946 5.709849 5.682953 5.54166 5.54422 5.624966 5.710147 5.799873 5.801722 5.668561 5.520762 5.612585 5.674902 5.648799 5.605547 5.56195 5.491 5.397542 5.305427 5.236298 5.144481 5.036605 4.968666 4.989063 5.083985 5.19537 5.276931 5.323349 5.357375 5.39923 5.452974 5.508904 5.549556 5.560369 5.540941 5.505395 5.47184 5.45368 5.456402 5.477233 5.506919 5.532233 5.54172 5.534843 5.525872 5.529995 5.552733 5.564015 5.549388 5.551396 5.584594 5.625708 5.653708 5.602114 5.532254 5.619418
5.844765 5.811459 5.776393 5.737349 5.713981 5.718441 5.676003 5.64936 5.731723 5.738636 5.574435 5.5452 5.62952 5.764393 5.892053 5.876673 5.725169 5.580183 5.653165 5.674282 5.62571 5.585155 5.550883 5.480335 5.37534 5.264892 5.183089 5.092736 5.001992 4.964576 5.014832 5.124814 5.236665 5.314382 5.3608 5.398076 5.441161 5.490019 5.535201 5.562984 5.563525 5.540693 5.510145 5.48806 5.485143 5.505623 5.544847 5.590439 5.627398 5.644492 5.642968 5.637965 5.642156 5.651243 5.615478 5.533457 5.516207 5.558069 5.585568 5.568004 5.515315 5.571504 5.793176
5.710112 5.699044 5.668501 5.654134 5.680332 5.706508 5.670521 5.638853 5.712691 5.761931 5.617131 5.55558 5.611698 5.767632 5.933927 5.910395 5.741696 5.609231 5.681688 5.67805 5.611102 5.569061 5.541057 5.471473 5.35264 5.219874 5.133474 5.056887 4.988822 4.979231 5.050487 5.166636 5.274244 5.347079 5.393149 5.431921 5.473534 5.515888 5.550724 5.568027 5.562077 5.539721 5.516646 5.506895 5.51931 5.556758 5.612434 5.671302 5.71666 5.736307 5.730941 5.717002 5.720362 5.761396 5.794327 5.725381 5.639553 5.614132 5.597832 5.521751 5.480145 5.680243 6.019904
5.466939 5.49927 5.476212 5.467085 5.535225 5.609517 5.597888 5.579698 5.647321 5.723327 5.637047 5.57511 5.587138 5.727767 5.918913 5.895463 5.715549 5.59707 5.676046 5.666003 5.599755 5.565027 5.545854 5.482542 5.346714 5.177904 5.100977 5.053454 5.006363 5.016893 5.099606 5.214924 5.315214 5.38196 5.425908 5.463079 5.499456 5.5329 5.557443 5.566116 5.556784 5.537757 5.523333 5.525484 5.551668 5.603096 5.671006 5.738613 5.788397 5.806417 5.788692 5.748287 5.713212 5.709202 5.767834 5.800478 5.740217 5.673414 5.630989 5.53951 5.543245 5.851058 6.270536
5.097264 5.216184 5.237584 5.288539 5.388162 5.461378 5.444631 5.436621 5.523928 5.613882 5.588464 5.563502 5.546288 5.652921 5.839402 5.81689 5.639506 5.545076 5.642464 5.640898 5.58917 5.568107 5.559382 5.52597 5.465819 5.338058 5.216943 5.118192 5.05978 5.075147 5.160102 5.269764 5.361505 5.421484 5.460406 5.491663 5.519146 5.541384 5.555311 5.556748 5.546185 5.532687 5.527753 5.539764 5.575396 5.635856 5.710763 5.782081 5.832812 5.848857 5.820467 5.753826 5.674782 5.603136 5.59189 5.64474 5.669666 5.647336 5.580819 5.489243 5.611077 6.031394 6.497367
4.562177 4.800227 4.853926 5.015888 5.175184 5.219383 5.181093 5.168279 5.297215 5.44015 5.456676 5.455409 5.430283 5.520392 5.687914 5.65467 5.497144 5.451088 5.59031 5.612309 5.579916 5.563757 5.531014 5.44982 5.400826 5.37258 5.285271 5.168242 5.111121 5.134834 5.22191 5.325503 5.408618 5.460999 5.492094 5.513794 5.529937 5.539855 5.542832 5.537522 5.526171 5.518087 5.521528 5.540635 5.581249 5.644958 5.720642 5.790936 5.841361 5.859023 5.830251 5.756479 5.668954 5.60342 5.574738 5.582035 5.596561 5.598959 5.536047 5.49623 5.741799 6.235104 6.676895
3.77988 4.212149 4.469975 4.710221 4.819578 4.807147 4.753679 4.74481 4.919809 5.155424 5.241324 5.223075 5.165534 5.261515 5.43211 5.393793 5.27033 5.306924 5.526728 5.588331 5.576194 5.558589 5.484319 5.317143 5.162026 5.14196 5.152294 5.120414 5.11395 5.168153 5.267283 5.369437 5.444757 5.487827 5.508704 5.518914 5.523202 5.5219 5.514941 5.502594 5.489384 5.484556 5.493114 5.515957 5.557161 5.617666 5.687592 5.75332 5.804839 5.83022 5.810942 5.742603 5.655452 5.585104 5.538339 5.519919 5.514963 5.48799 5.447095 5.545329 5.898774 6.428992 6.800409
3.052063 3.47117 3.751957 3.925686 4.051492 4.130202 4.133196 4.154955 4.388964 4.707536 4.877928 4.833301 4.717234 4.818049 5.018103 5.014566 4.950909 5.102531 5.442343 5.545271 5.548142 5.535751 5.438507 5.223406 4.997204 4.94539 4.98152 5.010437 5.061506 5.156783 5.276355 5.381958 5.451364 5.484319 5.492886 5.49056 5.484239 5.474386 5.459632 5.44113 5.425554 5.421433 5.430912 5.452938 5.489938 5.541584 5.60092 5.66085 5.716378 5.755203 5.753276 5.699768 5.620625 5.548927 5.492826 5.465734 5.454511 5.392552 5.360089 5.582586 6.042035 6.577401 6.866643
2.549399 2.773715 2.868361 3.004081 3.192837 3.342679 3.398249 3.475871 3.750854 4.078147 4.257834 4.182865 4.04354 4.162279 4.423842 4.522485 4.564571 4.852444 5.307027 5.390812 5.379531 5.390664 5.307817 5.06004 4.804965 4.732488 4.765753 4.837377 4.94068 5.079234 5.224297 5.335784 5.399497 5.422858 5.41958 5.406281 5.393134 5.379687 5.361546 5.339064 5.320334 5.314523 5.322337 5.340472 5.369212 5.407635 5.453236 5.507495 5.571145 5.629702 5.652985 5.624319 5.562616 5.497393 5.438809 5.411654 5.424255 5.406347 5.422107 5.688374 6.19029 6.681107 6.890789
2.127752 2.284447 2.399687 2.570997 2.749659 2.909925 2.99429 3.044808 3.142831 3.217851 3.182867 3.060891 3.051121 3.286623 3.681283 3.979041 4.181154 4.584463 5.016116 4.907474 4.821524 4.894183 4.916725 4.657876 4.408941 4.369786 4.440302 4.564579 4.718719 4.901154 5.074781 5.191857 5.24964 5.268329 5.257926 5.238183 5.226362 5.219958 5.207125 5.183525 5.159382 5.148537 5.152948 5.166931 5.186992 5.211041 5.242051 5.291955 5.367928 5.452951 5.510288 5.517548 5.484694 5.432857 5.3682 5.317683 5.294729 5.295956 5.422898 5.769955 6.300197 6.730118 6.882587
1.830608 1.967219 2.105105 2.287378 2.496914 2.712699 2.832091 2.803953 2.685837 2.516537 2.322702 2.207874 2.211524 2.448993 2.977683 3.490795 3.845614 4.132143 4.122816 3.636955 3.453746 3.65072 3.967292 3.829854 3.637398 3.732218 3.943745 4.147975 4.348677 4.5714 4.776097 4.897833 4.953872 4.984857 4.978185 4.958906 4.961381 4.978158 4.983153 4.962948 4.93027 4.909616 4.910237 4.924355 4.941028 4.953568 4.97069 5.017112 5.107822 5.224564 5.325796 5.382176 5.390705 5.357528 5.283847 5.204197 5.133966 5.139565 5.367772 5.796563 6.33813 6.715899 6.846856
1.644079 1.766756 1.904303 2.075123 2.268753 2.453539 2.559012 2.532406 2.418367 2.310548 2.277724 2.307692 2.247215 2.327155 2.677685 3.060722 3.327806 3.351592 2.943172 2.281325 2.067469 2.368195 2.792504 2.752601 2.694932 2.966038 3.315631 3.564345 3.774781 4.016508 4.252714 4.385694 4.459086 4.54308 4.557158 4.544675 4.579381 4.640082 4.678679 4.666915 4.619919 4.584171 4.5858 4.611632 4.635826 4.642294 4.645725 4.686484 4.790586 4.941785 5.095942 5.216217 5.283449 5.275219 5.186079 5.09284 5.027279 5.061443 5.33832 5.792238 6.31126 6.647723 6.790265
1.541269 1.646392 1.767963 1.912882 2.072274 2.219949 2.316461 2.326366 2.286582 2.30592 2.43989 2.609959 2.646201 2.63069 2.670118 2.740957 2.767747 2.624876 2.204821 1.707655 1.633335 1.98798 2.229991 2.053035 1.99542 2.28337 2.583124 2.773834 2.947155 3.121762 3.34971 3.555425 3.738866 3.939354 3.988168 3.986802 4.077525 4.199203 4.282068 4.283401 4.21538 4.159738 4.175302 4.232968 4.28106 4.288253 4.274336 4.302148 4.415344 4.600341 4.810691 5.003351 5.156665 5.236237 5.168062 5.021867 4.905082 4.944036 5.270293 5.738359 6.223145 6.535783 6.716408
1.49328 1.580108 1.679637 1.794888 1.919436 2.035724 2.126667 2.175572 2.200328 2.285301 2.466445 2.639982 2.693988 2.66478 2.61935 2.566844 2.466923 2.251842 1.912545 1.640174 1.716417 2.063935 2.266521 2.126686 2.04398 2.150561 2.217187 2.211495 2.267157 2.365582 2.602841 2.846351 3.002026 3.171404 3.256682 3.328314 3.496217 3.657752 3.764881 3.78196 3.699479 3.634238 3.692917 3.80423 3.888654 3.900237 3.860153 3.863941 3.984708 4.201953 4.459456 4.701422 4.887064 5.015727 5.016673 4.874942 4.725452 4.778657 5.147811 5.624952 6.08076 6.389667 6.625527
1.472631 1.544263 1.623023 1.711477 1.807067 1.899317 1.982263 2.05544 2.120394 2.221657 2.392498 2.554029 2.616535 2.591276 2.526051 2.440071 2.315836 2.126574 1.904812 1.787352 1.901374 2.175192 2.392948 2.413265 2.370215 2.329673 2.224286 2.072405 2.007143 2.071495 2.2949 2.497394 2.566947 2.677718 2.788005 2.868248 2.958477 3.008744 3.020076 3.04114 3.037827 3.061167 3.204376 3.357799 3.459083 3.471528 3.402077 3.378984 3.519458 3.769174 4.058646 4.330215 4.528794 4.64735 4.663956 4.563408 4.447385 4.545947 4.956325 5.449152 5.891899 6.213683 6.511555
1.460732 1.522396 1.585696 1.652849 1.725003 1.798437 1.870492 1.949006 2.033006 2.13203 2.27323 2.417087 2.490178 2.481687 2.42307 2.341001 2.239714 2.114817 1.995933 1.959762 2.060343 2.250744 2.411552 2.459068 2.423611 2.33816 2.197592 2.032215 1.928131 1.945483 2.088967 2.250037 2.364379 2.505543 2.607877 2.614292 2.566555 2.498678 2.461031 2.562958 2.69415 2.786988 2.881772 2.928103 2.92011 2.907709 2.877896 2.903455 3.092449 3.348353 3.620237 3.886721 4.124953 4.277699 4.268361 4.15555 4.08556 4.237512 4.690438 5.215262 5.658643 6.001113 6.361171
1.44832 1.504046 1.557619 1.610419 1.664995 1.722754 1.783109 1.854212 1.939965 2.031227 2.140603 2.260539 2.340216 2.355727 2.32054 2.258746 2.189224 2.122509 2.076618 2.08479 2.165431 2.289879 2.392708 2.423743 2.384885 2.293259 2.160338 2.014114 1.909081 1.892779 1.971358 2.089127 2.200448 2.308383 2.373123 2.365102 2.313126 2.268102 2.300415 2.472286 2.655329 2.73139 2.718295 2.652793 2.58873 2.637802 2.706824 2.759572 2.867753 2.99399 3.118814 3.229307 3.326334 3.455894 3.552106 3.578028 3.631598 3.852386 4.363809 4.928946 5.365589 5.727833 6.151099
1.433701 1.485062 1.533139 1.577938 1.621438 1.667392 1.717533 1.776383 1.852194 1.934537 2.017223 2.10748 2.182614 2.217012 2.211133 2.179106 2.139946 2.111657 2.108486 2.141694 2.210619 2.293877 2.355174 2.365222 2.321344 2.235136 2.120386 1.999002 1.90533 1.87179 1.907246 1.984726 2.070097 2.144493 2.184033 2.178978 2.15238 2.145459 2.205296 2.349887 2.504094 2.584409 2.585757 2.555242 2.568119 2.689964 2.798158 2.802637 2.760374 2.714307 2.6642 2.598201 2.54931 2.665966 2.840625 2.961761 3.100586 3.396018 3.971537 4.552766 4.955581 5.346865 5.849486
