data/ASC/slope.asc
ncols         526
nrows         626
xllcorner     -13649947.421443
yllcorner     4637615.7421359
cellsize      0.91307512910743
NODATA_value  -9999
[rows 224 to 251 of 626, columns 315 to 377 of 526]
5.659228 5.740417 5.831846 5.928232 6.024116 6.107308 6.162034 6.181186 6.175151 6.159727 6.135517 6.089071 6.015254 5.929341 5.855503 5.811059 5.779292 5.783097 5.847013 5.973929 6.126821 6.279619 6.456636 6.637344 6.801978 6.945322 7.065536 7.162608 7.237895 7.294024 7.334173 7.358879 7.364867 7.349242 7.315847 7.27708 7.247202 7.231062 7.222741 7.219508 7.232647 7.283149 7.411392 7.542717 7.640857 7.684315 7.67973 7.651105 7.62146 7.60076 7.592093 7.599562 7.632714 7.702865 7.800697 7.906795 8.006686 8.092165 8.154692 8.18087 8.169758 8.14627 8.14269
5.626533 5.70251 5.787192 5.877247 5.969355 6.055117 6.120416 6.154043 6.158214 6.146026 6.123976 6.083719 6.018928 5.938529 5.859841 5.796988 5.757041 5.784319 5.889214 6.00069 6.101161 6.233405 6.423503 6.62053 6.791318 6.937754 7.060779 7.160791 7.239707 7.300325 7.344246 7.3701 7.374232 7.35508 7.318632 7.278386 7.247501 7.229067 7.216527 7.206958 7.210843 7.24777 7.363128 7.491987 7.597521 7.655974 7.669668 7.656955 7.637163 7.623135 7.621849 7.637662 7.679117 7.755968 7.858919 7.969002 8.070281 8.149898 8.197351 8.20456 8.178176 8.147531 8.153572
5.604254 5.675853 5.752595 5.834407 5.920269 6.004595 6.075747 6.12136 6.137705 6.133095 6.115484 6.081321 6.025232 5.952868 5.87996 5.824367 5.80651 5.832633 5.885238 5.914242 5.977586 6.141392 6.376459 6.59437 6.763455 6.910313 7.037672 7.143834 7.229667 7.297584 7.347547 7.376 7.378988 7.35651 7.316684 7.274438 7.242357 7.222016 7.206235 7.19188 7.189107 7.215946 7.320327 7.445467 7.554922 7.624365 7.652563 7.653891 7.644555 7.638551 7.645696 7.670738 7.721538 7.806297 7.915657 8.031336 8.136062 8.212818 8.248661 8.238098 8.191724 8.138049 8.109912
5.59691 5.657824 5.72532 5.798583 5.876928 5.95647 6.029099 6.083817 6.113199 6.120193 6.11067 6.083945 6.036793 5.973054 5.905292 5.849187 5.817122 5.793495 5.787285 5.813067 5.937046 6.176004 6.405104 6.567171 6.708187 6.855188 6.99116 7.108107 7.204547 7.281819 7.339291 7.372277 7.376215 7.352264 7.31025 7.266202 7.232757 7.210901 7.1929 7.175522 7.169261 7.190587 7.287537 7.409105 7.519156 7.594708 7.632596 7.644987 7.646284 7.649604 7.666037 7.701263 7.762349 7.855646 7.972243 8.094681 8.204258 8.281275 8.310888 8.288327 8.224844 8.145571 8.071062
5.585249 5.636724 5.698311 5.765195 5.836419 5.910324 5.982268 6.043664 6.086217 6.107624 6.109776 6.092965 6.055058 5.998466 5.931847 5.865138 5.805098 5.762099 5.768249 5.835211 5.974714 6.151051 6.273473 6.411279 6.59362 6.767991 6.922351 7.054206 7.163693 7.251933 7.317852 7.356576 7.363622 7.34083 7.29939 7.255771 7.22181 7.198171 7.177585 7.157964 7.151237 7.172942 7.269175 7.390513 7.498259 7.573005 7.613823 7.633119 7.64443 7.658309 7.685071 7.731615 7.804622 7.907762 8.031754 8.160515 8.275132 8.354735 8.383248 8.35605 8.284581 8.193147 8.104883
5.540772 5.601973 5.665677 5.729988 5.796494 5.866373 5.937531 6.004161 6.058696 6.095109 6.11132 6.106729 6.079605 6.031565 5.970093 5.906472 5.853373 5.831345 5.842426 5.896567 5.969583 6.020447 6.0849 6.254259 6.479485 6.675035 6.84259 6.986002 7.107702 7.207696 7.282713 7.327778 7.339465 7.320346 7.282509 7.242501 7.210945 7.187384 7.164415 7.141207 7.133655 7.161457 7.266822 7.39382 7.496931 7.564105 7.601257 7.622823 7.641918 7.6669 7.705409 7.763806 7.849534 7.963919 8.095889 8.230683 8.349804 8.432506 8.462569 8.435758 8.364244 8.271855 8.182845
5.49492 5.565165 5.630704 5.693776 5.757782 5.825776 5.897171 5.968735 6.033749 6.083978 6.114871 6.12381 6.108433 6.070302 6.016429 5.958323 5.909952 5.883031 5.871876 5.890387 5.911618 5.948019 6.056434 6.230103 6.422338 6.599465 6.761854 6.907876 7.037334 7.147494 7.232104 7.28481 7.302844 7.290205 7.259478 7.226669 7.201554 7.182122 7.158876 7.129855 7.115151 7.154016 7.284767 7.425025 7.516665 7.56775 7.595268 7.615482 7.640431 7.676832 7.728681 7.799551 7.898081 8.024797 8.16584 8.306915 8.42987 8.514346 8.545348 8.520283 8.451604 8.361903 8.274872
5.479151 5.538064 5.597614 5.658778 5.72229 5.790316 5.863783 5.940588 6.01438 6.076801 6.12119 6.142928 6.139394 6.111619 6.064993 6.007861 5.948224 5.888727 5.847463 5.837606 5.855807 5.937355 6.093346 6.249157 6.382308 6.524723 6.675132 6.819894 6.953665 7.071498 7.165424 7.227292 7.254003 7.250986 7.231674 7.211087 7.197789 7.188851 7.17278 7.141727 7.100815 7.151703 7.336572 7.493639 7.551532 7.576419 7.59272 7.612551 7.643726 7.690818 7.755493 7.838964 7.950447 8.089683 8.239701 8.386298 8.511641 8.595643 8.624542 8.598172 8.529852 8.441533 8.355475
5.473509 5.511434 5.563804 5.62439 5.690164 5.761292 5.838452 5.919891 6.000584 6.072946 6.12875 6.161932 6.169613 6.15239 6.114676 6.063943 6.009036 5.959286 5.938097 5.931454 5.94934 6.009508 6.091719 6.168267 6.27385 6.424159 6.575716 6.721759 6.859036 6.982658 7.084262 7.155248 7.192379 7.201845 7.197366 7.192737 7.195673 7.204944 7.215004 7.22945 7.272068 7.423533 7.571952 7.599917 7.569077 7.572499 7.589437 7.615696 7.654231 7.709263 7.783168 7.876714 8.000051 8.151338 8.310016 8.461773 8.587928 8.668759 8.6916 8.658371 8.584947 8.493844 8.40546
5.415168 5.467916 5.527054 5.591844 5.662325 5.73883 5.820978 5.907053 5.99332 6.072631 6.136473 6.178574 6.195622 6.187916 6.159767 6.118237 6.072063 6.032379 6.006017 5.975752 5.96161 5.96577 5.982334 6.045864 6.174435 6.331858 6.477543 6.619111 6.756175 6.88307 6.990542 7.069916 7.118349 7.14199 7.153223 7.164054 7.18126 7.205199 7.235507 7.282358 7.36831 7.45745 7.430274 7.42988 7.476141 7.533976 7.582758 7.625085 7.670807 7.728893 7.804726 7.901146 8.032386 8.194989 8.362256 8.519299 8.645926 8.721526 8.73403 8.687809 8.602416 8.502537 8.408108
5.361632 5.434769 5.499971 5.568402 5.643232 5.724414 5.810851 5.900649 5.990103 6.073123 6.142082 6.190315 6.214542 6.215574 6.196824 6.162875 6.1179 6.06554 6.007851 5.951293 5.912604 5.912456 5.96582 6.068339 6.175642 6.275481 6.390096 6.517252 6.648602 6.77504 6.886048 6.972685 7.032342 7.070547 7.096848 7.119649 7.143416 7.168011 7.191176 7.212735 7.223267 7.17189 7.093782 7.199871 7.378997 7.509139 7.592793 7.646516 7.691116 7.742183 7.808219 7.895773 8.027378 8.199012 8.374269 8.536891 8.665138 8.73519 8.733159 8.667215 8.563411 8.450796 8.349588
5.402892 5.439026 5.49053 5.557135 5.633594 5.717008 5.805486 5.896613 5.986842 6.071317 6.142918 6.195053 6.22526 6.234924 6.2262 6.20058 6.158369 6.100429 6.029317 5.979184 5.96527 5.982786 6.020036 6.065927 6.115591 6.187333 6.294755 6.412517 6.536697 6.660006 6.772055 6.864158 6.934002 6.985826 7.025297 7.055361 7.076987 7.090185 7.095028 7.095147 7.093849 7.088937 7.105395 7.23161 7.405771 7.546075 7.630996 7.67373 7.70109 7.732529 7.776079 7.840625 7.962108 8.138475 8.318725 8.485584 8.617561 8.683781 8.664072 8.573101 8.448202 8.323984 8.220042
5.386604 5.417432 5.481142 5.553017 5.630243 5.712561 5.799891 5.89022 5.979805 6.064292 6.13728 6.192993 6.229436 6.247587 6.248982 6.23372 6.201055 6.153795 6.101085 6.07646 6.057117 6.018604 5.98843 5.985312 6.024849 6.103959 6.204645 6.309439 6.421985 6.537754 6.647281 6.742612 6.821826 6.886831 6.937321 6.969328 6.979969 6.97145 6.952553 6.939733 6.952705 7.006535 7.106507 7.284603 7.475823 7.608724 7.666433 7.672936 7.668465 7.67338 7.685942 7.713477 7.812855 7.987749 8.16332 8.324839 8.462146 8.530029 8.491817 8.374099 8.232195 8.106803 8.014061
5.341761 5.406437 5.485897 5.559029 5.631553 5.70727 5.788841 5.876039 5.965061 6.050315 6.125518 6.185727 6.228729 6.255434 6.267028 6.26212 6.239558 6.203401 6.165095 6.124704 6.045592 5.950664 5.91629 5.946441 6.008727 6.071482 6.132301 6.210326 6.304214 6.40706 6.509646 6.605274 6.692786 6.770942 6.83144 6.861179 6.85219 6.810523 6.758299 6.729847 6.761187 6.874104 7.056917 7.30348 7.522346 7.634521 7.639337 7.586627 7.545165 7.532081 7.516099 7.49448 7.55696 7.723291 7.873529 7.999387 8.138639 8.218178 8.16435 8.027699 7.889634 7.791442 7.737804
5.405996 5.468355 5.517687 5.57374 5.632861 5.695856 5.767589 5.850569 5.940692 6.029406 6.109265 6.175658 6.2265 6.262671 6.283709 6.285974 6.266245 6.225407 6.167412 6.089615 5.999947 5.939797 5.941866 5.96689 5.983936 6.00513 6.04156 6.102631 6.177683 6.263842 6.355204 6.447972 6.542247 6.633905 6.705841 6.731486 6.694018 6.604426 6.501849 6.442529 6.481868 6.648615 6.920564 7.239669 7.473093 7.542136 7.469131 7.336154 7.26932 7.276939 7.255826 7.177751 7.182913 7.336038 7.427375 7.442834 7.555485 7.645244 7.587412 7.478013 7.404591 7.386443 7.412867
5.440553 5.480618 5.523171 5.578135 5.626318 5.674602 5.734707 5.813747 5.907138 6.002751 6.091483 6.168284 6.230482 6.277734 6.307518 6.314362 6.292963 6.242854 6.169433 6.0835 6.009604 5.968718 5.950615 5.929171 5.912799 5.922974 5.951231 5.991174 6.041802 6.104249 6.177193 6.261548 6.360423 6.468153 6.556758 6.579391 6.505798 6.352665 6.177831 6.061845 6.088339 6.305516 6.682503 7.03836 7.222469 7.219932 7.060119 6.828667 6.771081 6.882932 6.908791 6.784042 6.701065 6.833061 6.837275 6.627706 6.553028 6.541191 6.556908 6.685685 6.822091 6.943337 7.05208
5.421892 5.461413 5.525367 5.578898 5.612382 5.643002 5.690377 5.766527 5.866573 5.974201 6.076877 6.168737 6.246626 6.308056 6.34766 6.357759 6.332104 6.270921 6.180228 6.06849 5.988769 5.953911 5.903489 5.856103 5.845454 5.852119 5.85939 5.870619 5.893021 5.923646 5.967215 6.033216 6.131694 6.25827 6.372336 6.396427 6.284311 6.061241 5.79858 5.590725 5.551609 5.762756 6.140901 6.370446 6.473142 6.486116 6.317791 5.998487 6.004784 6.331312 6.472175 6.367945 6.176705 6.163308 6.103666 5.971369 5.958681 5.856635 5.809068 6.044084 6.316082 6.532537 6.687478
5.451986 5.510841 5.565654 5.585008 5.592564 5.602787 5.637484 5.712702 5.823914 5.949775 6.072027 6.183163 6.27997 6.358386 6.409458 6.422348 6.391204 6.321364 6.228036 6.130754 6.071642 6.00486 5.880775 5.80023 5.783169 5.767356 5.752707 5.743115 5.73325 5.720632 5.718075 5.748384 5.832541 5.974805 6.125694 6.155533 6.011249 5.741413 5.416056 5.106497 4.927789 5.003415 5.100557 4.944369 4.930769 5.098592 5.15415 4.961565 5.072499 5.529759 5.821317 5.994262 6.037528 6.043066 5.95748 5.925422 6.025975 5.911229 5.748306 5.82531 6.021768 6.223585 6.386878
5.479427 5.529473 5.55948 5.562836 5.558364 5.555336 5.582103 5.660208 5.786813 5.935821 6.082126 6.215813 6.334078 6.431401 6.493873 6.506076 6.462943 6.376441 6.272461 6.179546 6.091503 5.95841 5.82212 5.763519 5.729013 5.676192 5.641521 5.611597 5.565504 5.49851 5.428907 5.399336 5.438468 5.569991 5.753853 5.768381 5.614602 5.392149 5.132958 4.836799 4.569494 4.558813 4.575112 4.372159 4.262781 4.444813 4.878356 5.165264 5.392197 5.591845 5.705997 5.980343 6.272402 6.421049 6.324635 6.172523 6.107286 5.968895 5.82063 5.808358 5.908207 6.050245 6.187662
5.476566 5.50135 5.522693 5.532564 5.519998 5.507129 5.529695 5.613265 5.757677 5.933244 6.106759 6.264943 6.406347 6.523166 6.594184 6.597508 6.528302 6.405271 6.260032 6.116012 5.967236 5.826112 5.739173 5.678003 5.590598 5.516224 5.485401 5.456584 5.395101 5.272723 5.115844 5.008743 4.960458 5.004518 5.090458 4.955177 4.884002 4.970136 5.041467 5.057322 5.049542 5.149257 5.22585 5.111956 4.976006 5.089031 5.639953 6.220269 6.488639 6.420942 6.278968 6.34182 6.507108 6.586756 6.499819 6.351463 6.218574 6.068639 5.933836 5.87958 5.909031 5.989166 6.087213
5.475081 5.500373 5.529449 5.527728 5.488456 5.462918 5.483065 5.573218 5.735837 5.938484 6.139629 6.321845 6.484351 6.617065 6.690958 6.675153 6.564517 6.387908 6.189795 6.006043 5.853835 5.749246 5.667334 5.531823 5.38435 5.317272 5.304234 5.293779 5.239568 5.067501 4.813563 4.659363 4.552952 4.540656 4.590184 4.384044 4.378397 4.712817 5.099292 5.457918 5.783128 6.018362 6.029998 5.852759 5.720075 5.81648 6.222379 6.685998 6.919072 6.874392 6.739122 6.693169 6.719994 6.713091 6.620404 6.48364 6.338911 6.192787 6.067508 5.993945 5.979576 6.011118 6.070057
5.472144 5.4972 5.513709 5.489513 5.441066 5.417243 5.441025 5.538856 5.716158 5.940469 6.164358 6.364919 6.540748 6.680814 6.748682 6.701362 6.534028 6.291246 6.03533 5.817503 5.667742 5.622104 5.60917 5.489129 5.305851 5.168158 5.110146 5.087839 5.05194 4.869801 4.551441 4.419616 4.456268 4.598991 4.728523 4.573688 4.550355 4.82736 5.247597 5.68998 6.084115 6.34844 6.409015 6.322676 6.252648 6.332148 6.596322 6.907506 7.086932 7.086749 7.00018 6.926674 6.880905 6.821953 6.72425 6.600311 6.464706 6.329921 6.21293 6.131302 6.091798 6.089518 6.115701
5.464617 5.476566 5.465092 5.430977 5.39607 5.378458 5.404164 5.504382 5.686614 5.920249 6.154343 6.35965 6.532945 6.663413 6.710398 6.614142 6.374906 6.063381 5.759037 5.527071 5.428596 5.509905 5.576411 5.438726 5.16636 4.901309 4.817536 4.771225 4.692245 4.558899 4.469756 4.610658 4.832452 5.032134 5.120222 4.987524 4.948974 5.12875 5.463128 5.851648 6.209613 6.461051 6.562971 6.557092 6.545572 6.615462 6.786123 6.986971 7.119952 7.147624 7.1071 7.047746 6.986156 6.911509 6.816681 6.707072 6.587879 6.468571 6.361656 6.279232 6.226867 6.203271 6.205251
5.460098 5.465691 5.450249 5.425347 5.387136 5.350565 5.366816 5.459442 5.631063 5.853286 6.074845 6.259896 6.399481 6.483849 6.482892 6.309237 5.986664 5.629169 5.312266 5.083255 5.01718 5.179086 5.282044 5.151584 4.880698 4.580074 4.509317 4.535042 4.54122 4.556225 4.708849 5.063476 5.310895 5.416129 5.437712 5.362744 5.340289 5.455449 5.69191 5.986047 6.269562 6.483521 6.5986 6.637342 6.660008 6.722474 6.839139 6.974723 7.077158 7.120523 7.115788 7.085681 7.040974 6.977974 6.896539 6.802661 6.700424 6.597579 6.503355 6.425977 6.369988 6.335694 6.322024
5.456988 5.457702 5.437972 5.400145 5.340049 5.295965 5.311861 5.390283 5.532605 5.7155 5.891841 6.018744 6.071084 6.029405 5.91318 5.596618 5.198715 4.897047 4.685896 4.523199 4.422426 4.503441 4.579051 4.606905 4.670564 4.683867 4.749482 4.833092 4.894104 4.979564 5.116186 5.37571 5.579689 5.674613 5.692537 5.661119 5.657568 5.73527 5.894962 6.100917 6.306971 6.473023 6.578574 6.632936 6.669361 6.722591 6.80612 6.905056 6.99104 7.046134 7.070467 7.072504 7.055562 7.015948 6.955669 6.880536 6.795695 6.709075 6.628348 6.559909 6.507316 6.47078 6.449746
5.452721 5.444089 5.40466 5.332194 5.259395 5.22996 5.242597 5.292208 5.383619 5.496656 5.590075 5.616156 5.518522 5.193011 4.692179 4.058355 3.70147 3.786547 3.977651 4.135385 4.238129 4.340887 4.357752 4.407457 4.685649 5.007194 5.253219 5.339909 5.334717 5.373947 5.471944 5.636285 5.781204 5.862665 5.889013 5.885249 5.894927 5.950542 6.056453 6.194186 6.336125 6.456367 6.540679 6.592591 6.629952 6.673625 6.73495 6.810227 6.885782 6.949786 6.997827 7.029974 7.041517 7.026772 6.989014 6.933789 6.867007 6.796701 6.730334 6.673592 6.628915 6.59646 6.575804
5.445553 5.430119 5.379176 5.301709 5.238348 5.195589 5.162941 5.161552 5.186007 5.206319 5.185533 5.086201 4.857179 4.244037 3.39554 2.831158 2.693825 3.023321 3.522113 3.987897 4.368656 4.610478 4.650327 4.669556 4.88593 5.192023 5.44891 5.578003 5.619933 5.661876 5.734919 5.840612 5.940374 6.006225 6.03699 6.048001 6.064358 6.105949 6.177076 6.267709 6.361651 6.443356 6.504237 6.545428 6.576276 6.610015 6.656068 6.715832 6.783832 6.852789 6.916953 6.972097 7.0076 7.015305 6.998321 6.961758 6.91202 6.857319 6.805614 6.762158 6.728622 6.704922 6.690577
5.427301 5.40557 5.340905 5.251777 5.165735 5.085797 5.023061 4.985438 4.950714 4.878526 4.730253 4.469646 4.10721 3.482416 2.923107 2.936162 3.090666 3.226597 3.572541 4.003993 4.402144 4.68049 4.806393 4.894667 5.075605 5.321651 5.547416 5.69557 5.778498 5.841066 5.908823 5.986319 6.058639 6.111292 6.142067 6.159771 6.178883 6.211761 6.261616 6.322426 6.384198 6.437525 6.477886 6.506068 6.527696 6.551947 6.58679 6.636077 6.698528 6.769361 6.842512 6.91152 6.961783 6.985049 6.984786 6.964481 6.930261 6.890424 6.85302 6.823219 6.802576 6.790412 6.786214
