data/ASC/topo.asc
ncols         526
nrows         626
xllcorner     -13649947.421443
yllcorner     4637615.7421359
cellsize      0.91307512910743
NODATA_value  -9999
[rows 560 to 587 of 626, columns 441 to 503 of 526]
9.275745 9.328947 9.381756 9.434149 9.486351 9.538561 9.59067 9.642155 9.692226 9.740117 9.785423 9.828327 9.869586 9.910099 9.950424 9.991258 10.03348 10.0877 10.14978 10.21617 10.28459 10.35363 10.42232 10.48993 10.55593 10.61986 10.68148 10.74059 10.79713 10.85102 10.90188 10.9491 10.99223 11.03095 11.07277 11.11687 11.163 11.21144 11.26235 11.31571 11.37126 11.42856 11.48701 11.54585 11.6042 11.66112 11.71577 11.7675 11.81598 11.86111 11.90271 11.94012 11.9723 12 12.02592 12.05277 12.08188 12.11303 12.14608 12.18088 12.21728 12.25491 12.29332
9.303718 9.356402 9.408682 9.460561 9.512249 9.563917 9.615417 9.666168 9.715257 9.761827 9.805519 9.846832 9.887007 9.92745 9.968245 10.00755 10.05509 10.11152 10.17497 10.24268 10.31231 10.38223 10.45129 10.51872 10.58396 10.64668 10.70675 10.76424 10.81933 10.8721 10.92225 10.96847 11.00841 11.05125 11.09625 11.14343 11.19263 11.24375 11.29678 11.35166 11.4082 11.46605 11.52469 11.58337 11.6412 11.69717 11.75035 11.80008 11.8462 11.88914 11.92937 11.96644 11.99793 12.02533 12.05226 12.08061 12.11127 12.1443 12.17952 12.21665 12.25534 12.29506 12.33528
9.334927 9.386974 9.438806 9.490398 9.541899 9.593408 9.644697 9.695047 9.743307 9.788343 9.829676 9.868101 9.905619 9.945009 9.987873 10.02811 10.07801 10.13722 10.20305 10.27263 10.3436 10.41424 10.48334 10.55011 10.61406 10.67495 10.73281 10.78797 10.84085 10.89187 10.94133 10.98887 11.02893 11.07276 11.1203 11.17063 11.22301 11.27697 11.33228 11.38883 11.44647 11.50493 11.56376 11.62229 11.67962 11.73465 11.78626 11.83356 11.87644 11.91601 11.95378 11.99045 12.02084 12.04991 12.0794 12.1104 12.14354 12.17899 12.21665 12.25619 12.29715 12.33891 12.38085
9.36876 9.420027 9.471437 9.522921 9.574551 9.626339 9.677965 9.728504 9.776413 9.819958 9.858229 9.892115 9.924109 9.95804 9.997317 10.04337 10.09954 10.16393 10.23357 10.30576 10.37833 10.44965 10.51858 10.58436 10.64657 10.70506 10.76008 10.81214 10.86182 10.90957 10.9555 10.99973 11.04457 11.09285 11.14451 11.19872 11.25463 11.31159 11.36928 11.42753 11.48624 11.54523 11.60418 11.6625 11.71934 11.77356 11.82371 11.86832 11.90691 11.94137 11.97389 12.00633 12.04061 12.07419 12.10783 12.14248 12.17885 12.21721 12.25757 12.2996 12.3428 12.38651 12.43009
9.404432 9.454796 9.505743 9.557176 9.609139 9.661578 9.714119 9.765644 9.814081 9.856711 9.89174 9.920353 9.945294 9.971962 10.00521 10.05847 10.12273 10.19337 10.26737 10.34239 10.41661 10.48854 10.55714 10.62171 10.68184 10.73751 10.78912 10.83748 10.88338 10.9275 10.96998 11.01037 11.05994 11.11353 11.17006 11.22861 11.28826 11.34827 11.40827 11.46808 11.52766 11.58693 11.64574 11.70365 11.75996 11.81355 11.86268 11.90495 11.93864 11.96767 11.99556 12.02791 12.06434 12.10178 12.13955 12.17808 12.21793 12.25941 12.30254 12.34705 12.3924 12.43795 12.48305
9.441257 9.490572 9.540886 9.592135 9.644384 9.697578 9.751387 9.804642 9.854801 9.897787 9.929926 9.954183 9.973036 9.995497 10.024 10.08324 10.15337 10.22855 10.3058 10.38302 10.4585 10.53086 10.59904 10.66232 10.72021 10.77273 10.82051 10.86465 10.90639 10.94714 10.98892 11.02988 11.08067 11.13793 11.19884 11.26158 11.32483 11.3877 11.44972 11.51074 11.57077 11.62987 11.68808 11.74513 11.80054 11.85343 11.90217 11.94333 11.97173 11.99587 12.01751 12.05383 12.09382 12.13483 12.17628 12.2184 12.2616 12.30611 12.35192 12.39874 12.44606 12.49327 12.53977
9.478792 9.526846 9.576199 9.626865 9.678971 9.732512 9.787313 9.842427 9.895293 9.940474 9.969739 9.992064 10.0075 10.03254 10.06825 10.12534 10.19502 10.27098 10.34935 10.42756 10.50371 10.57626 10.64404 10.70612 10.76182 10.81104 10.85463 10.89409 10.93068 10.96549 11.00155 11.0484 11.10455 11.16668 11.23207 11.29873 11.36522 11.43051 11.49404 11.55569 11.61554 11.67382 11.73074 11.78616 11.83968 11.89085 11.93896 11.98103 12.00488 12.02919 12.05527 12.091 12.13181 12.17488 12.2191 12.26426 12.31047 12.35775 12.406 12.45487 12.50385 12.55248 12.60025
9.516955 9.563438 9.611338 9.660765 9.711887 9.764751 9.819231 9.87475 9.929544 9.978571 10.00358 10.02585 10.04741 10.07724 10.11856 10.17528 10.24357 10.31865 10.39673 10.47496 10.55126 10.6239 10.69149 10.75275 10.80656 10.85249 10.89171 10.92673 10.95886 10.98833 11.019 11.07245 11.13471 11.20168 11.27107 11.34105 11.41012 11.47714 11.54148 11.603 11.66186 11.71851 11.77332 11.82615 11.87631 11.92322 11.96694 12.00455 12.03527 12.06496 12.09678 12.13442 12.17657 12.22147 12.26805 12.31588 12.36479 12.41461 12.46502 12.51559 12.56585 12.61555 12.66444
9.55604 9.600562 9.646395 9.693766 9.742849 9.793633 9.845678 9.898085 9.949009 9.994677 10.02616 10.05498 10.08523 10.12211 10.1687 10.22676 10.29444 10.36849 10.44571 10.52345 10.59961 10.6724 10.74018 10.80127 10.85381 10.89666 10.93112 10.9624 10.99168 11.01583 11.0552 11.11055 11.17515 11.24482 11.31684 11.38912 11.4599 11.52785 11.59216 11.65264 11.70957 11.76365 11.81553 11.86514 11.91114 11.95231 11.99242 12.02983 12.06605 12.10225 12.14015 12.18155 12.2263 12.27357 12.32263 12.37305 12.42455 12.47676 12.52912 12.58103 12.63203 12.68228 12.73206
9.596611 9.638752 9.681876 9.726374 9.772494 9.820187 9.868589 9.916155 9.960905 10.00197 10.04182 10.08043 10.12023 10.16473 10.21652 10.27676 10.34458 10.41782 10.49406 10.57105 10.64691 10.7199 10.78829 10.84995 10.90223 10.94251 10.97134 11.00006 11.02943 11.06033 11.10342 11.15953 11.22487 11.29576 11.36923 11.44283 11.51451 11.58259 11.64603 11.70452 11.75841 11.80877 11.85681 11.90296 11.9451 11.97831 12.01256 12.05532 12.09851 12.14166 12.18574 12.2318 12.2801 12.33037 12.38222 12.43534 12.48947 12.54408 12.59832 12.65125 12.70231 12.75232 12.80236
9.639423 9.678761 9.718539 9.759418 9.801939 9.846266 9.891449 9.93534 9.975471 10.01339 10.06004 10.107 10.15479 10.20579 10.262 10.32437 10.39248 10.46497 10.54005 10.61598 10.69122 10.76423 10.83321 10.89582 10.9488 10.9877 11.01046 11.03971 11.07225 11.10966 11.15687 11.21473 11.28103 11.35279 11.42715 11.50146 11.57342 11.64104 11.70292 11.75848 11.80812 11.8533 11.89595 11.9381 11.97901 12.00678 12.04338 12.08827 12.13612 12.18494 12.23456 12.28541 12.33769 12.39136 12.44626 12.5022 12.55904 12.61621 12.67251 12.72629 12.77662 12.82529 12.8741
9.685239 9.721399 9.757185 9.793688 9.8321 9.873154 9.916462 9.959906 9.999859 10.04072 10.08826 10.13884 10.19145 10.24684 10.30609 10.36981 10.43781 10.50919 10.58268 10.65701 10.73098 10.80326 10.87201 10.93446 10.98686 11.02247 11.04977 11.08094 11.1174 11.16048 11.21225 11.27295 11.341 11.41392 11.48907 11.56382 11.63573 11.70256 11.76248 11.81444 11.8587 11.89718 11.93166 11.96558 11.99889 12.03461 12.07763 12.12684 12.17918 12.23287 12.28737 12.34272 12.39903 12.45626 12.51428 12.57294 12.63236 12.69223 12.75108 12.80604 12.85486 12.90174 12.94638
9.734673 9.76738 9.798488 9.829748 9.863331 9.90085 9.94265 9.987603 10.0287 10.07305 10.12257 10.1756 10.23107 10.28901 10.34983 10.41386 10.48098 10.55058 10.62177 10.69366 10.76535 10.83575 10.90285 10.96268 11.00873 11.04828 11.08292 11.11983 11.16204 11.21112 11.268 11.33241 11.40293 11.4774 11.5534 11.62843 11.70012 11.76606 11.82399 11.87214 11.91042 11.94237 11.96824 11.99542 12.02185 12.06648 12.11697 12.17127 12.22789 12.28577 12.34447 12.40391 12.46412 12.52488 12.58588 12.64677 12.70801 12.77027 12.83231 12.88975 12.93619 12.98426 13.02391
9.788014 9.81721 9.843018 9.868078 9.895994 9.929287 9.96771 10.00973 10.05778 10.10807 10.16115 10.21664 10.27402 10.33319 10.39431 10.45757 10.5229 10.58989 10.65793 10.72636 10.79451 10.86169 10.92676 10.98678 11.03063 11.0716 11.11235 11.15623 11.20543 11.26111 11.3236 11.39227 11.46568 11.54186 11.6186 11.69359 11.76469 11.82967 11.8858 11.93044 11.9621 11.99006 12.00932 12.03641 12.06829 12.11332 12.16599 12.22307 12.2827 12.34379 12.40592 12.46895 12.53283 12.59709 12.6608 12.72299 12.78413 12.84709 12.91202 12.9744 13.01683 13.07011 13.12272
9.844918 9.871061 9.891153 9.909252 9.931363 9.961985 10.00022 10.04459 10.09512 10.14891 10.20485 10.26229 10.32079 10.38019 10.44059 10.50211 10.5648 10.6284 10.69249 10.75648 10.81962 10.88121 10.94058 10.9964 11.04413 11.09091 11.13928 11.19125 11.24822 11.31091 11.37924 11.45232 11.52864 11.6063 11.68324 11.75736 11.82691 11.8903 11.94452 11.98634 12.00971 12.03535 12.05867 12.08768 12.12369 12.16965 12.22324 12.28179 12.34337 12.40677 12.47153 12.53756 12.60487 12.67267 12.73913 12.80169 12.8595 12.91935 12.98198 13.04613 13.10488 13.16772 13.23168
9.903791 9.928278 9.942739 9.953552 9.97011 10.00035 10.04051 10.08767 10.1404 10.1965 10.25438 10.31306 10.37194 10.43079 10.48965 10.54869 10.60807 10.66772 10.72734 10.78643 10.84391 10.8988 10.95078 11.00137 11.05465 11.10951 11.16659 11.22709 11.29199 11.36161 11.4356 11.51279 11.59155 11.67 11.74613 11.81784 11.88373 11.94379 11.99402 12.03069 12.05689 12.08322 12.11095 12.14385 12.18371 12.23165 12.28649 12.34628 12.40931 12.47436 12.541 12.60927 12.67952 12.75095 12.82091 12.88455 12.93606 12.99081 13.04277 13.12246 13.20004 13.27574 13.34989
9.960755 9.985999 9.996296 10.00174 10.01411 10.04682 10.08939 10.1388 10.1933 10.25094 10.31 10.36925 10.42789 10.48559 10.54235 10.59838 10.65401 10.70938 10.76448 10.81889 10.87137 10.92042 10.96596 11.0122 11.07085 11.13322 11.19828 11.2666 11.33871 11.41458 11.49354 11.57409 11.65434 11.73243 11.80639 11.8737 11.93242 11.98684 12.03142 12.0686 12.10019 12.1313 12.1646 12.20258 12.24671 12.29756 12.35433 12.41566 12.48012 12.54647 12.61419 12.68358 12.75565 12.83003 12.9041 12.97275 13.01929 13.08006 13.14569 13.2278 13.3131 13.39708 13.47843
10.00959 10.03259 10.04656 10.05717 10.07409 10.10567 10.14805 10.19811 10.25348 10.31193 10.37153 10.43082 10.48881 10.54499 10.59931 10.65204 10.70365 10.75461 10.80527 10.85567 10.9046 10.95016 10.99222 11.04025 11.10035 11.16702 11.2378 11.31221 11.3901 11.471 11.55383 11.63658 11.7169 11.79294 11.86343 11.92515 11.97149 12.01465 12.06169 12.10395 12.14235 12.18018 12.21999 12.26374 12.31262 12.36699 12.42631 12.48965 12.55586 12.62353 12.69166 12.7606 12.83261 12.90715 12.9806 13.05172 13.1166 13.18846 13.26623 13.35281 13.44252 13.53131 13.61715
10.05915 10.08183 10.0999 10.11684 10.13904 10.17162 10.21405 10.26428 10.31997 10.37873 10.43844 10.49743 10.55456 10.60909 10.66087 10.71019 10.75765 10.80407 10.85015 10.89697 10.94339 10.98665 11.02193 11.07704 11.14152 11.21192 11.2867 11.36526 11.44712 11.53146 11.61682 11.70044 11.77893 11.85018 11.91554 11.97415 12.0101 12.05171 12.09774 12.14328 12.18759 12.23214 12.27862 12.32837 12.38221 12.44041 12.50262 12.56836 12.63695 12.70664 12.77519 12.84214 12.91304 12.98585 13.04926 13.13739 13.22331 13.30983 13.39859 13.49081 13.58416 13.67602 13.7645
10.10994 10.13508 10.15751 10.18006 10.20703 10.24187 10.28513 10.33567 10.3915 10.45031 10.50989 10.56845 10.62471 10.67769 10.72702 10.77305 10.81637 10.85824 10.89903 10.94202 10.98558 11.02837 11.07291 11.13029 11.19652 11.26873 11.34547 11.42608 11.50985 11.59581 11.68225 11.76563 11.84045 11.90214 11.95602 12.005 12.0473 12.09182 12.13961 12.18873 12.23848 12.2894 12.3423 12.39788 12.45657 12.51857 12.58365 12.65191 12.72365 12.79707 12.86773 12.93155 13.00404 13.08217 13.16031 13.25264 13.34829 13.44459 13.5413 13.6384 13.73462 13.8284 13.91826
10.16484 10.19323 10.2198 10.24702 10.27803 10.31536 10.35987 10.41091 10.46686 10.52556 10.58486 10.64294 10.69847 10.75013 10.79722 10.84041 10.87983 10.91817 10.95266 10.99155 11.02687 11.07949 11.13488 11.19645 11.26407 11.33674 11.41364 11.49416 11.57755 11.66291 11.7488 11.83148 11.90305 11.95199 11.99375 12.03932 12.08651 12.13588 12.1877 12.24136 12.29659 12.35362 12.41261 12.47364 12.53683 12.60228 12.66978 12.73989 12.81513 12.89456 12.97157 13.03247 13.11305 13.20002 13.29029 13.38807 13.48934 13.59138 13.69291 13.79316 13.89115 13.9858 14.07603
10.22539 10.25705 10.28724 10.31816 10.35234 10.39184 10.43752 10.48902 10.54499 10.60341 10.66219 10.71959 10.7745 10.82514 10.87005 10.91147 10.9471 10.9856 11.01497 11.05623 11.09961 11.15348 11.21226 11.27549 11.34309 11.41479 11.49017 11.5686 11.64912 11.73095 11.81352 11.89417 11.96515 11.99999 12.02877 12.07895 12.13232 12.1871 12.24369 12.30228 12.36301 12.42596 12.49069 12.55663 12.62365 12.69216 12.76154 12.83173 12.90953 12.99472 13.07746 13.15454 13.24184 13.33593 13.4343 13.53706 13.64215 13.74741 13.85134 13.95293 14.05129 14.14567 14.23531
10.29266 10.32708 10.36013 10.39377 10.43021 10.47124 10.51765 10.56927 10.62499 10.68288 10.74065 10.79662 10.85071 10.90058 10.9425 10.98456 11.01529 11.05638 11.09529 11.14013 11.18904 11.24414 11.30341 11.36607 11.43203 11.50137 11.57384 11.64856 11.72394 11.79881 11.87362 11.94535 12.00649 12.04972 12.08748 12.13648 12.19118 12.24897 12.30937 12.37242 12.4383 12.50689 12.57701 12.64707 12.71672 12.78814 12.86014 12.92829 13.00898 13.10145 13.19476 13.28676 13.38336 13.48453 13.58893 13.69562 13.80309 13.90971 14.01414 14.11538 14.21272 14.30564 14.39363
10.36716 10.40359 10.43856 10.47388 10.51158 10.55331 10.59978 10.65099 10.70605 10.7632 10.8193 10.87184 10.92389 10.97258 11.00963 11.05402 11.09496 11.14034 11.18694 11.2369 11.29001 11.34641 11.40514 11.46578 11.5287 11.59447 11.66311 11.73352 11.80282 11.86859 11.93514 12.00051 12.05937 12.10886 12.15497 12.20609 12.26214 12.32197 12.38516 12.45178 12.52212 12.59596 12.67124 12.74439 12.81388 12.88762 12.96594 13.03244 13.12247 13.22291 13.3261 13.42972 13.53517 13.64271 13.75163 13.86092 13.96937 14.07575 14.17897 14.27826 14.37313 14.46329 14.54846
10.44871 10.48636 10.52225 10.55816 10.59609 10.63763 10.68336 10.7334 10.7872 10.84379 10.89827 10.94383 10.99046 11.02857 11.07867 11.13097 11.18178 11.23385 11.28712 11.34224 11.399 11.45675 11.51444 11.57188 11.63039 11.69153 11.75575 11.82253 11.88684 11.94196 12.00219 12.06481 12.12406 12.17834 12.23065 12.28533 12.34361 12.40533 12.47049 12.5395 12.61309 12.69148 12.772 12.84782 12.91138 12.98254 13.0658 13.15218 13.25228 13.36062 13.47203 13.58409 13.69644 13.80883 13.92063 14.03098 14.13888 14.2434 14.3437 14.43934 14.53023 14.6162 14.69734
10.53661 10.57462 10.61046 10.64583 10.68297 10.72353 10.76768 10.81574 10.86694 10.92359 10.97926 11.01693 11.06416 11.11001 11.16335 11.21985 11.27688 11.33479 11.39354 11.45313 11.51311 11.5722 11.62853 11.68147 11.73409 11.78951 11.84816 11.91265 11.97579 12.01972 12.0786 12.14035 12.20059 12.25837 12.31529 12.37372 12.43473 12.49828 12.56447 12.63422 12.70886 12.79011 12.87577 12.95701 13.01094 13.07487 13.17648 13.28379 13.3967 13.51351 13.63174 13.74969 13.86648 13.98157 14.09434 14.20401 14.30971 14.41066 14.50626 14.59625 14.68155 14.76174 14.83819
10.6296 10.66709 10.70196 10.73558 10.77098 10.81017 10.8521 10.89795 10.94361 10.99912 11.05448 11.1014 11.1514 11.20301 11.25911 11.3183 11.379 11.44087 11.50357 11.56657 11.6292 11.68981 11.74486 11.79151 11.83656 11.88594 11.93609 11.99717 12.05721 12.10902 12.16688 12.22768 12.28852 12.34864 12.409 12.47097 12.53503 12.60037 12.66648 12.73507 12.80744 12.88776 12.97353 13.05694 13.13126 13.21405 13.32053 13.43694 13.55804 13.68114 13.80413 13.92545 14.04411 14.15946 14.271 14.37806 14.47986 14.57542 14.66441 14.74611 14.82423 14.89659 14.96968
10.72573 10.76181 10.79519 10.82562 10.85825 10.89668 10.93563 10.98198 11.02059 11.07816 11.13708 11.19214 11.2472 11.30335 11.36196 11.42282 11.48537 11.54933 11.61417 11.67895 11.74297 11.80547 11.86055 11.89855 11.93429 11.98093 12.02121 12.08198 12.14421 12.20307 12.26321 12.32457 12.38622 12.44804 12.51104 12.57631 12.64388 12.71133 12.77622 12.84285 12.91046 12.98815 13.06688 13.16878 13.26827 13.37151 13.48634 13.60879 13.73489 13.86179 13.98722 14.10946 14.22733 14.3403 14.44824 14.55066 14.64696 14.7352 14.8161 14.88521 14.95443 15.01641 15.08689
