data/ASC/topo.asc
ncols         526
nrows         626
xllcorner     -13649947.421443
yllcorner     4637615.7421359
cellsize      0.91307512910743
NODATA_value  -9999
[rows 364 to 391 of 626, columns 315 to 377 of 526]
23.56793 23.54935 23.52833 23.50471 23.47831 23.44897 23.41651 23.38081 23.34194 23.30011 23.25554 23.20818 23.15786 23.10437 23.04763 22.98773 22.92487 22.85943 22.79193 22.72302 22.65361 22.58462 22.51706 22.45259 22.39349 22.34116 22.29406 22.25121 22.21369 22.1776 22.1428 22.12023 22.10083 22.06992 22.01887 21.96494 21.88372 21.79483 21.70577 21.61424 21.5215 21.4284 21.33711 21.24952 21.16682 21.08813 21.01109 20.93371 20.85509 20.77504 20.69408 20.61319 20.53332 20.4549 20.3779 20.30244 20.22896 20.15775 20.08842 20.01965 19.94984 19.87756 19.80227
23.49138 23.47182 23.44985 23.42528 23.39785 23.3674 23.33375 23.29684 23.25685 23.21407 23.16873 23.12071 23.06975 23.01553 22.9579 22.89688 22.83263 22.76547 22.69595 22.62492 22.55349 22.48246 22.41255 22.34545 22.28484 22.23397 22.18799 22.1441 22.10888 22.0724 22.02877 22.00641 21.99023 21.96032 21.89976 21.82997 21.74295 21.6471 21.54821 21.4477 21.34711 21.24784 21.15164 21.0599 20.97359 20.89226 20.81384 20.7362 20.65826 20.57972 20.50072 20.42179 20.34373 20.26714 20.19216 20.11883 20.04721 19.97725 19.90846 19.83979 19.76995 19.69788 19.62308
23.40923 23.38876 23.36591 23.34043 23.31201 23.28047 23.24565 23.20755 23.16644 23.12271 23.0766 23.02796 22.97642 22.92155 22.86312 22.80104 22.73529 22.66607 22.59404 22.52052 22.44708 22.37418 22.30174 22.23044 22.16613 22.11826 22.07443 22.02594 21.99473 21.96309 21.9155 21.88022 21.85003 21.80935 21.74699 21.67051 21.58018 21.48064 21.37654 21.27069 21.16525 21.06203 20.96279 20.86867 20.78019 20.6971 20.61778 20.54008 20.46268 20.38529 20.30797 20.23094 20.15468 20.07978 20.00655 19.93507 19.86517 19.7965 19.72839 19.65983 19.58981 19.51752 19.44267
23.32143 23.30013 23.27645 23.25008 23.2207 23.18806 23.15204 23.11272 23.07045 23.02569 22.97877 22.92952 22.87749 22.82219 22.76327 22.70045 22.63334 22.56182 22.48671 22.4102 22.33507 22.26099 22.18692 22.10988 22.03712 21.99251 21.95333 21.90048 21.85855 21.81916 21.77308 21.73017 21.68801 21.63765 21.57225 21.49297 21.40125 21.30031 21.19397 21.08548 20.97755 20.87237 20.77171 20.67671 20.58748 20.50362 20.4239 20.34634 20.26947 20.1929 20.11683 20.0414 19.96684 19.89353 19.82178 19.75174 19.68317 19.6155 19.5479 19.47931 19.40888 19.33607 19.26083
23.22807 23.20597 23.18147 23.15422 23.12383 23.09007 23.0528 23.01217 22.96861 22.92268 22.87483 22.82495 22.77259 22.71724 22.65844 22.59566 22.52784 22.45416 22.37534 22.29488 22.21855 22.14378 22.07066 21.98894 21.9089 21.84676 21.79826 21.74642 21.69936 21.65445 21.60717 21.55922 21.50911 21.45199 21.38358 21.30305 21.21116 21.11015 21.00329 20.89391 20.7851 20.6794 20.57861 20.48389 20.3952 20.31169 20.23222 20.15513 20.0789 20.00304 19.92783 19.85358 19.78046 19.70858 19.63809 19.5691 19.50138 19.43426 19.36675 19.29785 19.22678 19.15329 19.07756
23.12928 23.10638 23.08104 23.05286 23.0214 22.98643 22.94781 22.90573 22.86067 22.81333 22.76431 22.71373 22.66126 22.60639 22.54863 22.48727 22.42032 22.34565 22.26306 22.17664 22.09974 22.02138 21.94853 21.85551 21.76718 21.69063 21.62922 21.57412 21.52342 21.47473 21.42503 21.3733 21.31798 21.25642 21.18586 21.1049 21.01356 20.91328 20.80676 20.69742 20.58859 20.48321 20.38322 20.28965 20.20249 20.12046 20.0421 19.96596 19.89066 19.8156 19.74106 19.66762 19.59554 19.5248 19.45532 19.38711 19.31987 19.25285 19.18508 19.11557 19.04367 18.96944 18.89347
23.02531 23.00155 22.97527 22.94605 22.91342 22.87712 22.83702 22.79332 22.7465 22.69736 22.6468 22.59534 22.54293 22.48905 22.43335 22.37542 22.31209 22.23954 22.15614 22.06154 21.98527 21.89772 21.80694 21.70598 21.61153 21.52578 21.45221 21.39208 21.33745 21.28537 21.23281 21.17784 21.11892 21.05438 20.9824 20.90149 20.81104 20.71181 20.60601 20.49702 20.38853 20.2838 20.18512 20.09336 20.00841 19.92879 19.85252 19.77799 19.70402 19.63002 19.55622 19.48336 19.41194 19.34198 19.27327 19.20564 19.1387 19.07162 19.00347 18.93328 18.86052 18.78569 18.71001
22.9164 22.89165 22.86428 22.83384 22.79985 22.76206 22.72035 22.67491 22.62609 22.57467 22.522 22.46926 22.41708 22.36445 22.31118 22.25874 22.20212 22.13621 22.06315 21.97438 21.87676 21.77232 21.66426 21.55332 21.44975 21.35581 21.27352 21.20562 21.14665 21.09111 21.03554 20.97752 20.91565 20.84881 20.77575 20.695 20.60546 20.50726 20.40217 20.2935 20.18534 20.08134 19.98408 19.89458 19.81233 19.73576 19.66246 19.59034 19.51824 19.44566 19.37284 19.30058 19.22958 19.16005 19.09187 19.02478 18.95825 18.89139 18.82323 18.75279 18.67949 18.60432 18.52974
22.80274 22.77683 22.74814 22.71622 22.68065 22.64118 22.59779 22.55065 22.4997 22.44548 22.38997 22.33521 22.28358 22.23218 22.17979 22.13385 22.08471 22.02214 21.95817 21.86451 21.75698 21.64076 21.51959 21.39676 21.27717 21.1808 21.09385 21.01776 20.95495 20.89571 20.83688 20.77588 20.71124 20.6422 20.56793 20.48703 20.39807 20.30061 20.19603 20.08756 19.97954 19.8762 19.78036 19.69326 19.6141 19.54097 19.47124 19.40233 19.33275 19.26205 19.19056 19.11911 19.04855 18.97932 18.91154 18.84512 18.77951 18.71367 18.64654 18.57709 18.50415 18.42894 18.35614
22.68441 22.65715 22.62685 22.59313 22.5557 22.51434 22.46923 22.42083 22.36798 22.31055 22.25157 22.19322 22.14314 22.09362 22.03764 21.99702 21.95484 21.8912 21.82027 21.72878 21.62072 21.50076 21.3736 21.24515 21.12192 21.01325 20.91856 20.83498 20.76584 20.70203 20.63954 20.57534 20.50782 20.43636 20.36039 20.27869 20.18969 20.0925 19.98815 19.87973 19.77183 19.66907 19.57469 19.48994 19.41408 19.34468 19.27884 19.21373 19.14738 19.07917 19.0095 18.93929 18.86944 18.80061 18.73335 18.66798 18.60422 18.54074 18.47643 18.41037 18.3398 18.26484 18.19354
22.56128 22.53256 22.50037 22.46438 22.42489 22.38137 22.33428 22.28571 22.23195 22.17102 22.10923 22.04432 21.99628 21.95187 21.89303 21.8422 21.79245 21.73127 21.66009 21.57283 21.46898 21.35112 21.22397 21.09385 20.96776 20.85159 20.7465 20.65444 20.5798 20.51148 20.44508 20.37745 20.30677 20.23243 20.15408 20.07074 19.98086 19.88335 19.77892 19.67056 19.56295 19.46096 19.36814 19.28587 19.21327 19.14772 19.08597 19.02502 18.96257 18.89762 18.83047 18.76216 18.69358 18.62553 18.55913 18.49546 18.435 18.37563 18.31615 18.25749 18.19347 18.12005 18.04847
22.43299 22.40302 22.36863 22.32962 22.28815 22.24225 22.1919 22.14501 22.09236 22.0272 21.96699 21.89823 21.83828 21.78586 21.72686 21.66868 21.61296 21.55202 21.48292 21.40088 21.30355 21.1914 21.0682 20.93962 20.81243 20.69198 20.58115 20.48133 20.39792 20.32466 20.25417 20.18285 20.10866 20.03094 19.94947 19.86357 19.77192 19.67343 19.56866 19.46053 19.3537 19.25307 19.16226 19.0827 19.01338 18.95162 18.89404 18.83755 18.77957 18.71868 18.655 18.58964 18.52327 18.45663 18.39165 18.33036 18.27541 18.22219 18.16825 18.12196 18.07151 18.00553 17.94312
22.29889 22.26848 22.23165 22.18792 22.14539 22.09784 22.04084 21.99651 21.94738 21.87792 21.80959 21.73973 21.67424 21.61092 21.54684 21.48321 21.42356 21.36139 21.29384 21.21663 21.12626 21.02161 20.90475 20.7804 20.65424 20.53182 20.41709 20.31226 20.21891 20.14098 20.06659 19.99146 19.91347 19.83189 19.74667 19.65741 19.56314 19.46305 19.35776 19.25021 19.14501 19.04679 18.95888 18.88251 18.81666 18.75855 18.7051 18.65344 18.60059 18.54453 18.48529 18.4245 18.3619 18.29759 18.23501 18.1761 18.13005 18.08596 18.03477 18.00235 17.9686 17.90881 17.8507
22.15783 22.12862 22.0896 22.03735 21.99493 21.94968 21.88843 21.83228 21.7758 21.70835 21.63828 21.5675 21.49828 21.43041 21.36364 21.29701 21.23105 21.16546 21.0976 21.02361 20.93932 20.84237 20.73304 20.61461 20.49185 20.36976 20.25288 20.14469 20.04715 19.96137 19.88204 19.80278 19.72079 19.63508 19.54567 19.45248 19.35497 19.25276 19.14685 19.04043 18.93809 18.84387 18.76025 18.68796 18.62591 18.57133 18.52175 18.47542 18.42867 18.37815 18.32398 18.27003 18.21366 18.15289 18.09546 18.03738 18.0033 17.97395 17.92936 17.89402 17.85856 17.80993 17.75916
22.00824 21.98071 21.94179 21.87992 21.82778 21.77564 21.71662 21.658 21.59421 21.52684 21.45723 21.38689 21.31728 21.24867 21.17833 21.10847 21.03741 20.96795 20.89826 20.82539 20.74545 20.6551 20.55334 20.44172 20.32381 20.20411 20.08696 19.97635 19.8745 19.78104 19.69849 19.61576 19.52999 19.44027 19.34665 19.24934 19.14829 19.04365 18.93705 18.8324 18.73458 18.64657 18.56915 18.50214 18.44462 18.39346 18.34697 18.30673 18.26775 18.22344 18.17345 18.12924 18.08286 18.02609 17.98107 17.93008 17.89331 17.86194 17.8249 17.7898 17.75384 17.71193 17.66758
21.85048 21.81048 21.76441 21.7067 21.64558 21.5882 21.52922 21.46874 21.40489 21.3389 21.27055 21.20104 21.13149 21.0617 20.99039 20.9181 20.84412 20.77166 20.69923 20.62551 20.54762 20.46209 20.36675 20.26184 20.14962 20.03353 19.91771 19.80599 19.70147 19.60497 19.51686 19.42985 19.34063 19.24745 19.15018 19.04922 18.94488 18.83782 18.73046 18.62811 18.53691 18.45804 18.38912 18.32857 18.27703 18.22948 18.18398 18.1507 18.12208 18.08552 18.03619 18.00323 17.97091 17.91959 17.87341 17.82821 17.79057 17.75727 17.72306 17.68909 17.65414 17.61628 17.57655
21.6755 21.62582 21.57274 21.51295 21.4506 21.39263 21.3346 21.27571 21.21464 21.14886 21.08143 21.01293 20.94401 20.87466 20.80423 20.73067 20.65546 20.57933 20.5032 20.42698 20.34888 20.26587 20.17525 20.07599 19.96926 19.85741 19.74384 19.63218 19.52568 19.42566 19.33119 19.24331 19.15236 19.05709 18.95751 18.85419 18.74773 18.63897 18.53088 18.43078 18.34871 18.28278 18.22479 18.17069 18.12769 18.08572 18.03737 18.01052 17.99335 17.96898 17.92452 17.88825 17.85394 17.81123 17.76885 17.72805 17.69133 17.65768 17.62468 17.59175 17.55815 17.52303 17.48655
21.48814 21.43277 21.37556 21.31523 21.25392 21.19436 21.13665 21.07986 21.02246 20.95655 20.89058 20.82376 20.75597 20.68758 20.61826 20.54462 20.46874 20.39063 20.31114 20.23169 20.15174 20.06903 19.98093 19.8858 19.78361 19.67584 19.56492 19.45409 19.34659 19.24463 19.14864 19.05839 18.96598 18.87026 18.77041 18.66713 18.56116 18.45299 18.34511 18.24594 18.1755 18.12675 18.08205 18.03124 17.99882 17.96843 17.92322 17.89176 17.8698 17.84503 17.80983 17.77528 17.74107 17.70367 17.66583 17.62899 17.59423 17.5613 17.52921 17.4973 17.46498 17.4318 17.39763
21.29312 21.23514 21.17593 21.11527 21.05405 20.99414 20.93646 20.88017 20.82273 20.76031 20.69822 20.63392 20.56764 20.50002 20.43098 20.35888 20.28342 20.20505 20.12315 20.04059 19.95776 19.87365 19.78606 19.69316 19.59422 19.48975 19.38139 19.2717 19.16381 19.06042 18.9628 18.86994 18.78134 18.68818 18.59089 18.49098 18.39001 18.28773 18.18504 18.08529 18.02662 17.9952 17.96577 17.91879 17.88188 17.84874 17.81077 17.77885 17.7529 17.72678 17.69626 17.66459 17.63238 17.59876 17.5647 17.53118 17.4987 17.46719 17.43618 17.40526 17.37408 17.34234 17.30989
21.09342 21.03527 20.9758 20.91521 20.85407 20.7935 20.73576 20.68029 20.62479 20.56707 20.50646 20.44382 20.379 20.31243 20.24433 20.1743 20.09909 20.02031 19.93826 19.85338 19.76755 19.68098 19.59241 19.5001 19.403 19.30087 19.19461 19.08608 18.97812 18.87403 18.77651 18.68647 18.60175 18.51306 18.42076 18.32749 18.23706 18.1486 18.0666 17.98531 17.92248 17.88228 17.84829 17.80788 17.77063 17.73612 17.70159 17.67028 17.6425 17.6156 17.58728 17.55793 17.52793 17.49719 17.46613 17.43526 17.40488 17.37493 17.34519 17.31538 17.28529 17.25472 17.22357
20.89394 20.83519 20.7758 20.71595 20.65622 20.59303 20.5353 20.48085 20.42735 20.37242 20.31323 20.2523 20.1893 20.12409 20.05696 19.98765 19.9147 19.83694 19.75575 19.66891 19.58058 19.49146 19.40113 19.3084 19.21209 19.11155 19.00699 18.89959 18.79169 18.68707 18.59014 18.50384 18.4249 18.34632 18.26116 18.1762 18.10003 18.02524 17.96528 17.89194 17.82919 17.78187 17.74226 17.70314 17.66609 17.63128 17.59805 17.56726 17.53882 17.51151 17.48415 17.45638 17.42815 17.39949 17.3706 17.34175 17.31312 17.28466 17.2562 17.22755 17.19853 17.16905 17.13902
20.69317 20.63454 20.57531 20.51535 20.45409 20.3906 20.33508 20.28173 20.22989 20.17806 20.11753 20.05821 19.99761 19.93439 19.86861 19.80035 19.7291 19.65186 19.5703 19.48492 19.39559 19.30465 19.21276 19.11941 19.02362 18.92451 18.82181 18.71598 18.60855 18.50341 18.40704 18.32671 18.25761 18.1904 18.11421 18.03743 17.97903 17.91527 17.85758 17.79523 17.73743 17.68845 17.64598 17.60648 17.56933 17.53438 17.50143 17.4707 17.44194 17.4144 17.38735 17.36038 17.33328 17.30599 17.27856 17.25114 17.22384 17.19662 17.16933 17.14181 17.11388 17.08545 17.0565
20.49146 20.43327 20.37478 20.31566 20.25537 20.19449 20.13697 20.08224 20.02934 19.9755 19.9166 19.86113 19.80344 19.74271 19.67876 19.61185 19.54214 19.46582 19.38536 19.30148 19.21141 19.11974 19.02732 18.93411 18.83947 18.74255 18.64285 18.54022 18.43504 18.33015 18.23314 18.16092 18.10164 18.0379 17.98286 17.92005 17.86496 17.80928 17.75537 17.70052 17.64799 17.6003 17.55724 17.51743 17.48016 17.44509 17.41203 17.381 17.35177 17.32385 17.29672 17.26999 17.24342 17.21685 17.19027 17.16376 17.13736 17.11106 17.08476 17.05824 17.03136 17.004 16.97612
20.28877 20.23132 20.17422 20.11649 20.05754 19.99748 19.93819 19.88185 19.82815 19.77501 19.72017 19.66376 19.60711 19.54861 19.48681 19.42124 19.35182 19.27745 19.19746 19.11327 19.02619 18.93587 18.84468 18.75319 18.66116 18.56807 18.47355 18.37753 18.2791 18.17921 18.08071 18.01927 17.97445 17.91787 17.86551 17.81161 17.76049 17.70997 17.66015 17.61046 17.56226 17.51688 17.47459 17.435 17.39772 17.36253 17.32924 17.29777 17.26793 17.23942 17.21187 17.18493 17.15838 17.13202 17.1058 17.07974 17.05387 17.02819 17.0026 16.97693 16.951 16.92467 16.89791
20.08227 20.02865 19.97369 19.9173 19.85958 19.80082 19.73759 19.67974 19.62551 19.57348 19.52214 19.46302 19.40749 19.35164 19.29259 19.22911 19.16089 19.08823 19.00935 18.9265 18.84163 18.75323 18.66507 18.57736 18.48985 18.40262 18.31574 18.2307 18.14586 18.06569 17.98422 17.91652 17.86378 17.8111 17.76101 17.71188 17.66432 17.61756 17.57134 17.52553 17.48074 17.43769 17.39672 17.35782 17.32082 17.2856 17.25207 17.22012 17.1896 17.16035 17.13213 17.10468 17.07777 17.05123 17.02498 16.99902 16.97336 16.94801 16.92289 16.89787 16.87276 16.84742 16.82176
19.88295 19.8288 19.77382 19.71737 19.65885 19.5976 19.53283 19.47535 19.42013 19.3669 19.31335 19.2558 19.20479 19.15244 19.09667 19.03597 18.96962 18.89791 18.82096 18.73891 18.65482 18.57177 18.48924 18.40782 18.32666 18.24721 18.16885 18.09726 18.02471 17.96502 17.89018 17.82258 17.76578 17.71398 17.66569 17.61944 17.57474 17.53093 17.48767 17.44488 17.40286 17.36199 17.32251 17.28452 17.24802 17.21295 17.17925 17.14688 17.11573 17.0857 17.05667 17.0285 17.00098 16.974 16.94745 16.92133 16.89563 16.87038 16.84554 16.82099 16.79657 16.77212 16.74754
19.68207 19.62867 19.57363 19.51686 19.45773 19.39614 19.33284 19.2716 19.21391 19.15948 19.10664 19.05399 19.0035 18.95313 18.9005 18.84317 18.77946 18.70945 18.63466 18.55469 18.47356 18.39417 18.31948 18.24681 18.17311 18.10366 18.03243 17.9764 17.91271 17.85398 17.78944 17.72767 17.67245 17.62236 17.57602 17.53215 17.48985 17.44849 17.40769 17.36736 17.32763 17.28871 17.25075 17.21381 17.17796 17.14318 17.10945 17.07676 17.04507 17.01433 16.9845 16.95551 16.92727 16.89968 16.87268 16.84624 16.82035 16.79508 16.77039 16.74618 16.72233 16.69868 16.67511
19.48152 19.42814 19.37284 19.31561 19.256 19.19426 19.13164 19.06619 19.007 18.95212 18.90022 18.85003 18.80189 18.75441 18.70585 18.65292 18.5928 18.52508 18.45216 18.37561 18.2971 18.22223 18.15801 18.09749 18.03082 17.97536 17.91216 17.8563 17.79927 17.74379 17.68694 17.6317 17.58047 17.53333 17.48948 17.44793 17.40786 17.36868 17.33005 17.29182 17.25406 17.21688 17.18036 17.14453 17.10942 17.07504 17.0414 17.00852 16.97641 16.94509 16.91455 16.88481 16.85583 16.82759 16.80007 16.77325 16.74715 16.7218 16.69721 16.67331 16.64999 16.62706 16.60441
