data/ASC/topo.asc
ncols         526
nrows         626
xllcorner     -13649947.421443
yllcorner     4637615.7421359
cellsize      0.91307512910743
NODATA_value  -9999
[rows 252 to 279 of 626, columns 126 to 188 of 526]
26.93287 26.95053 26.97004 26.99118 27.01361 27.03697 27.06086 27.08485 27.10847 27.13126 27.15277 27.17255 27.19028 27.20565 27.21846 27.22863 27.23615 27.24105 27.24343 27.24342 27.2412 27.23692 27.23075 27.22287 27.21346 27.20261 27.19048 27.17715 27.16272 27.14731 27.13095 27.11368 27.09554 27.07651 27.05658 27.03572 27.01389 26.99102 26.96704 26.9419 26.91557 26.88806 26.8594 26.82968 26.79902 26.76755 26.73542 26.70274 26.66967 26.63629 26.60272 26.56909 26.53557 26.50221 26.46908 26.43616 26.40343 26.37083 26.33831 26.30583 26.27338 26.24095 26.20856
26.91132 26.92818 26.94651 26.96615 26.98681 27.00819 27.02991 27.05158 27.07283 27.09323 27.1124 27.12999 27.14571 27.15927 27.17056 27.17944 27.18592 27.19001 27.19179 27.19136 27.18885 27.18441 27.17815 27.17026 27.16087 27.15007 27.138 27.12474 27.11038 27.09503 27.07873 27.06151 27.04339 27.02436 27.00443 26.98356 26.9617 26.9388 26.91481 26.88965 26.86331 26.83583 26.80725 26.77768 26.74726 26.7161 26.68438 26.6522 26.6197 26.58699 26.55421 26.52151 26.48908 26.45698 26.42526 26.39389 26.36281 26.33194 26.30125 26.27068 26.24022 26.20987 26.17966
26.88932 26.90542 26.92262 26.9408 26.95977 26.97923 26.99888 27.0184 27.03743 27.05562 27.07265 27.08823 27.10208 27.11398 27.12381 27.13147 27.13691 27.14017 27.14129 27.14038 27.13754 27.13286 27.12648 27.11853 27.10912 27.09835 27.08632 27.07312 27.05882 27.04354 27.02732 27.01015 26.99208 26.97311 26.95321 26.93237 26.91053 26.88766 26.86369 26.83857 26.8123 26.78492 26.75651 26.72718 26.69707 26.66633 26.63507 26.60344 26.57155 26.53956 26.50762 26.47592 26.44464 26.41389 26.38367 26.35397 26.32468 26.29573 26.26705 26.2386 26.21037 26.18236 26.1546
26.86672 26.88213 26.89832 26.91517 26.93255 26.95022 26.96795 26.98545 27.00243 27.01859 27.03364 27.04733 27.05944 27.06979 27.07824 27.0847 27.08914 27.09157 27.09201 27.09058 27.08734 27.0824 27.07584 27.06778 27.05832 27.04755 27.03554 27.02238 27.00817 26.99296 26.9768 26.95972 26.94173 26.92284 26.90301 26.88224 26.86047 26.83766 26.81376 26.78873 26.76259 26.7354 26.70724 26.67823 26.64851 26.61823 26.58751 26.55645 26.52521 26.49396 26.46289 26.43224 26.40217 26.37282 26.34421 26.31628 26.28891 26.26202 26.23551 26.20935 26.1835 26.15798 26.13281
26.84345 26.85821 26.87348 26.88914 26.9051 26.92116 26.93713 26.95277 26.96786 26.98215 26.99538 27.00733 27.01783 27.02671 27.03384 27.03915 27.0426 27.0442 27.04396 27.04199 27.03833 27.03307 27.02629 27.0181 27.00856 26.99777 26.98578 26.97267 26.95852 26.9434 26.92733 26.91034 26.89245 26.87364 26.8539 26.83321 26.81154 26.78884 26.76505 26.74018 26.71424 26.68731 26.65947 26.63085 26.60159 26.57181 26.54164 26.5112 26.48063 26.45015 26.41998 26.39039 26.3616 26.33372 26.30678 26.2807 26.25536 26.23063 26.20641 26.18263 26.15926 26.13625 26.11361
26.81955 26.83366 26.84806 26.86264 26.87732 26.89194 26.90634 26.92031 26.93369 26.94626 26.95781 26.96816 26.97717 26.98468 26.99057 26.99479 26.99729 26.99808 26.99717 26.99464 26.99055 26.98496 26.97794 26.96957 26.95993 26.94909 26.9371 26.92403 26.90995 26.89492 26.87895 26.86208 26.84428 26.82559 26.80594 26.78537 26.7638 26.74124 26.71762 26.69296 26.66727 26.64066 26.61321 26.58504 26.55628 26.52705 26.49746 26.46763 26.43775 26.40804 26.37881 26.35032 26.32283 26.29647 26.27126 26.24711 26.22385 26.20135 26.17946 26.1581 26.13718 26.1166 26.09628
26.79519 26.80858 26.82213 26.83571 26.84921 26.86254 26.87552 26.888 26.89984 26.91086 26.92091 26.92981 26.93744 26.94367 26.94841 26.9516 26.95321 26.95322 26.95166 26.94857 26.94404 26.9381 26.93081 26.92226 26.91249 26.90158 26.88958 26.87655 26.86254 26.8476 26.83173 26.81496 26.79728 26.77869 26.75915 26.7387 26.71729 26.6949 26.6715 26.6471 26.62174 26.5955 26.56847 26.54079 26.51256 26.4839 26.45489 26.4257 26.39652 26.36762 26.33934 26.31199 26.28583 26.26102 26.23757 26.21536 26.19421 26.17397 26.1544 26.13542 26.11684 26.0985 26.08028
26.77053 26.78316 26.79583 26.80843 26.82085 26.83298 26.84468 26.85582 26.86627 26.8759 26.88458 26.89217 26.89856 26.90364 26.90731 26.90955 26.91031 26.90958 26.9074 26.90378 26.8988 26.89251 26.88495 26.87618 26.86627 26.85529 26.84327 26.83026 26.81631 26.80146 26.7857 26.76904 26.75145 26.73298 26.71358 26.69328 26.67204 26.64985 26.62671 26.60262 26.57762 26.5518 26.52524 26.49807 26.47038 26.44229 26.41389 26.38538 26.35694 26.32891 26.30162 26.27544 26.25064 26.22738 26.20567 26.18537 26.1663 26.14822 26.1309 26.11416 26.09776 26.08144 26.06501
26.74574 26.75756 26.76934 26.78098 26.79236 26.80336 26.81389 26.82381 26.833 26.84138 26.84883 26.85523 26.8605 26.86452 26.86723 26.86859 26.86856 26.86716 26.86438 26.86025 26.85486 26.84822 26.84038 26.8314 26.82134 26.81026 26.7982 26.78522 26.77132 26.75654 26.74088 26.72432 26.70685 26.6885 26.66924 26.64911 26.62808 26.60616 26.58331 26.55956 26.53495 26.50956 26.48349 26.45683 26.42969 26.40219 26.37444 26.34665 26.31903 26.29195 26.26572 26.24075 26.2173 26.19555 26.1755 26.15702 26.13991 26.12389 26.10865 26.09395 26.0795 26.06492 26.04988
26.72092 26.73193 26.74282 26.75351 26.76387 26.77381 26.78323 26.79203 26.80009 26.80733 26.81367 26.81902 26.82325 26.82631 26.82814 26.82871 26.82796 26.82592 26.82259 26.818 26.8122 26.80521 26.79711 26.78792 26.7777 26.76653 26.75443 26.74144 26.72759 26.71288 26.69729 26.68082 26.66348 26.64526 26.62618 26.60624 26.58546 26.56382 26.54131 26.51792 26.49371 26.46876 26.44317 26.41703 26.39047 26.3636 26.33657 26.30958 26.28289 26.25683 26.23175 26.20801 26.18588 26.16557 26.14705 26.13022 26.11487 26.10069 26.0873 26.07441 26.06163 26.04851 26.03448
26.69617 26.70636 26.71637 26.72612 26.73551 26.74444 26.75282 26.76057 26.76759 26.77381 26.77914 26.78351 26.78683 26.78904 26.79007 26.78991 26.7885 26.78588 26.78204 26.77701 26.77083 26.76353 26.75515 26.74575 26.73539 26.72411 26.71195 26.69896 26.68513 26.67046 26.65494 26.63856 26.62134 26.60327 26.58439 26.5647 26.5442 26.52287 26.5007 26.4777 26.45389 26.42938 26.40427 26.37867 26.35272 26.32656 26.30035 26.27429 26.24866 26.22374 26.19987 26.17737 26.15649 26.13742 26.12023 26.10483 26.091 26.07838 26.06652 26.05511 26.04365 26.03181 26.01837
26.67152 26.68092 26.69007 26.69891 26.70736 26.71534 26.72276 26.72953 26.73559 26.74087 26.7453 26.74879 26.75127 26.7527 26.75302 26.75219 26.75019 26.74703 26.74274 26.73729 26.73074 26.72314 26.7145 26.70489 26.69437 26.683 26.67078 26.65775 26.64393 26.62929 26.61382 26.59754 26.58044 26.56255 26.5439 26.52449 26.50431 26.48332 26.46152 26.4389 26.41549 26.39141 26.36679 26.34177 26.3165 26.29115 26.26588 26.24091 26.21648 26.19284 26.17025 26.14898 26.12921 26.11115 26.09496 26.0807 26.0681 26.05671 26.04593 26.03562 26.0249 26.01429 26.0006
26.64702 26.65564 26.66397 26.67195 26.67952 26.6866 26.69311 26.69898 26.70415 26.70857 26.71217 26.71487 26.71659 26.71733 26.71699 26.71557 26.71304 26.7094 26.70467 26.69883 26.69193 26.68403 26.67514 26.66534 26.65467 26.64318 26.63089 26.61782 26.60398 26.58935 26.57392 26.55773 26.54076 26.52308 26.5047 26.48561 26.46577 26.44516 26.42374 26.40149 26.3785 26.35488 26.33078 26.3064 26.2819 26.25748 26.23332 26.20958 26.1865 26.16427 26.14305 26.12297 26.10412 26.08673 26.07116 26.05772 26.04601 26.03555 26.02526 26.01574 26.00455 25.99503 25.97988
26.6227 26.63057 26.63812 26.64529 26.65203 26.65827 26.66393 26.66897 26.67334 26.67697 26.6798 26.68178 26.68283 26.68293 26.68202 26.68006 26.67706 26.67297 26.66783 26.66164 26.65442 26.64623 26.63711 26.6271 26.61626 26.60464 26.59226 26.57913 26.56524 26.55061 26.53522 26.51912 26.50233 26.48489 26.4668 26.44806 26.4286 26.40837 26.38734 26.3655 26.34294 26.31981 26.2963 26.27265 26.24904 26.2257 26.20276 26.1804 26.15882 26.13812 26.11834 26.09945 26.08136 26.06424 26.04876 26.03587 26.02462 26.015 26.00419 25.99565 25.98332 25.97048 25.95405
26.5986 26.60574 26.61255 26.61896 26.62493 26.63037 26.63527 26.63956 26.64318 26.6461 26.64825 26.64957 26.65002 26.64954 26.64812 26.64569 26.64224 26.63776 26.63225 26.62572 26.6182 26.60973 26.60035 26.59014 26.57914 26.56736 26.55487 26.54165 26.52771 26.51304 26.4977 26.48171 26.46513 26.44795 26.4302 26.41183 26.39278 26.37296 26.35233 26.33092 26.30883 26.28627 26.26345 26.24065 26.21807 26.1959 26.17429 26.1534 26.13339 26.11428 26.09604 26.07845 26.06113 26.04394 26.02783 26.01543 26.00384 25.99524 25.98321 25.97146 25.95757 25.94211 25.92391
26.57475 26.58119 26.58729 26.59299 26.59823 26.60297 26.60716 26.61076 26.61372 26.616 26.61754 26.61828 26.61818 26.6172 26.6153 26.61244 26.60859 26.60375 26.5979 26.59107 26.58325 26.57451 26.56489 26.55445 26.54326 26.53133 26.51869 26.50536 26.49133 26.47662 26.46132 26.44547 26.42912 26.41225 26.39486 26.3769 26.35826 26.33886 26.31869 26.29777 26.27624 26.25435 26.23235 26.21051 26.18905 26.16813 26.14789 26.12844 26.10996 26.09246 26.07583 26.05978 26.04365 26.02651 26.00894 25.99719 25.98424 25.97217 25.95845 25.94395 25.92789 25.91006 25.88994
26.55115 26.55695 26.56239 26.56742 26.572 26.57607 26.57962 26.5826 26.58497 26.58668 26.58767 26.5879 26.58732 26.58588 26.58356 26.58033 26.57612 26.57094 26.56479 26.55765 26.54955 26.54054 26.53068 26.52002 26.50863 26.49652 26.48371 26.47021 26.45607 26.44133 26.42608 26.41038 26.39428 26.37775 26.36076 26.3432 26.325 26.30606 26.28638 26.26604 26.24518 26.22409 26.20304 26.1823 26.16206 26.14243 26.12346 26.1053 26.08815 26.07207 26.05694 26.04259 26.02851 26.01294 25.9961 25.97938 25.9629 25.94695 25.93044 25.91318 25.89468 25.8746 25.85254
26.52781 26.533 26.53784 26.54226 26.54623 26.54972 26.55268 26.55509 26.55694 26.55814 26.55866 26.55843 26.55742 26.55559 26.55291 26.54932 26.5448 26.53932 26.53289 26.52546 26.51708 26.5078 26.49769 26.48681 26.47521 26.46288 26.44986 26.43618 26.42191 26.40712 26.39191 26.37638 26.36056 26.34439 26.32782 26.3107 26.29296 26.27451 26.2554 26.23572 26.21567 26.19552 26.17557 26.15604 26.13709 26.11872 26.10086 26.08368 26.06746 26.05245 26.03821 26.02485 26.01265 25.99719 25.97798 25.95796 25.93816 25.91875 25.89922 25.87919 25.85825 25.83599 25.81211
26.5047 26.50935 26.51362 26.51749 26.52093 26.52388 26.52633 26.52826 26.52964 26.53039 26.53049 26.52987 26.5285 26.52632 26.52331 26.51942 26.51461 26.50886 26.50214 26.49443 26.48578 26.47624 26.46589 26.45478 26.44294 26.43037 26.41712 26.40324 26.38881 26.37395 26.35879 26.34344 26.3279 26.3121 26.29596 26.27932 26.26208 26.24421 26.22574 26.20682 26.18767 26.16859 26.14984 26.13165 26.11407 26.09694 26.08002 26.06336 26.04753 26.03319 26.01891 26.00478 25.99347 25.97543 25.95419 25.9318 25.90931 25.88702 25.86476 25.84217 25.81892 25.79466 25.76911
26.48182 26.48595 26.48973 26.4931 26.49607 26.49856 26.50056 26.50207 26.50305 26.50342 26.50316 26.5022 26.50051 26.49804 26.49474 26.49057 26.48551 26.4795 26.47252 26.46455 26.45563 26.44584 26.43526 26.4239 26.41182 26.39899 26.38548 26.37135 26.35675 26.34181 26.32671 26.31152 26.29625 26.28083 26.26513 26.249 26.23233 26.21509 26.19735 26.17928 26.16112 26.14318 26.12574 26.10894 26.09281 26.077 26.06096 26.04438 26.0281 26.01444 25.99954 25.98367 25.96789 25.94802 25.92524 25.90107 25.87647 25.85184 25.82722 25.80239 25.77711 25.75108 25.72407
26.4591 26.46278 26.46612 26.46906 26.47161 26.47372 26.47536 26.47652 26.47715 26.47719 26.47662 26.47537 26.47342 26.4707 26.46715 26.46275 26.45745 26.45122 26.44397 26.43577 26.4266 26.41659 26.40577 26.39419 26.38184 26.36874 26.35495 26.34055 26.32575 26.31071 26.29564 26.2806 26.26561 26.25058 26.23535 26.21976 26.20369 26.18715 26.17019 26.15302 26.13589 26.1191 26.10293 26.08756 26.07299 26.05875 26.04391 26.02731 26.00937 25.99608 25.97873 25.95973 25.93971 25.91723 25.8926 25.8667 25.84025 25.81367 25.78706 25.76035 25.73332 25.7058 25.67757
26.4365 26.43979 26.44275 26.44534 26.44755 26.44934 26.45068 26.45154 26.45189 26.45167 26.45084 26.44936 26.44717 26.44424 26.44049 26.43588 26.43038 26.42393 26.41648 26.40804 26.39867 26.38845 26.37742 26.36561 26.353 26.33962 26.32551 26.31083 26.2958 26.28066 26.26559 26.2507 26.236 26.22134 26.20661 26.19159 26.17618 26.16037 26.14422 26.12795 26.11184 26.09615 26.08113 26.06703 26.05403 26.04157 26.02872 26.01351 25.99593 25.97686 25.95568 25.93309 25.90936 25.88406 25.85731 25.82961 25.80145 25.77317 25.74489 25.71661 25.68816 25.65942 25.63023
26.41401 26.41696 26.41959 26.4219 26.42384 26.42538 26.42648 26.42711 26.42722 26.42678 26.42575 26.4241 26.42173 26.41862 26.4147 26.40992 26.40425 26.39761 26.38997 26.38136 26.37182 26.36142 26.35021 26.33818 26.32532 26.31165 26.29723 26.28225 26.26698 26.25172 26.23664 26.22188 26.20743 26.19318 26.17895 26.16456 26.14983 26.13478 26.11944 26.10404 26.08889 26.07424 26.06012 26.04685 26.03506 26.02383 26.01274 25.99737 25.97702 25.95421 25.92961 25.90373 25.87683 25.84888 25.82001 25.79053 25.76077 25.73101 25.70134 25.67176 25.64217 25.61248 25.58258
26.39156 26.39422 26.39662 26.3987 26.40044 26.40179 26.40271 26.40318 26.40312 26.40251 26.40133 26.39953 26.39703 26.39379 26.38974 26.38482 26.379 26.37221 26.36445 26.3557 26.34602 26.33548 26.32412 26.31191 26.29882 26.28487 26.27015 26.25489 26.23939 26.22398 26.20889 26.19423 26.18002 26.16614 26.15244 26.13869 26.12471 26.11045 26.0959 26.08131 26.06712 26.05357 26.04018 26.02697 26.01587 26.00425 25.99386 25.97574 25.95305 25.92759 25.90028 25.87171 25.84222 25.81197 25.78114 25.75001 25.71883 25.68778 25.65695 25.62634 25.59588 25.56549 25.53511
26.36911 26.37156 26.37378 26.37572 26.37733 26.37856 26.37936 26.3797 26.37952 26.37881 26.37752 26.37562 26.37303 26.3697 26.36556 26.36056 26.35463 26.34775 26.33988 26.33104 26.32128 26.31065 26.29917 26.28682 26.27353 26.25934 26.24435 26.22884 26.21313 26.19758 26.18246 26.16788 26.15387 26.14033 26.12715 26.11409 26.10094 26.08753 26.07374 26.05986 26.04658 26.03466 26.02239 26.00837 25.99774 25.98428 25.96937 25.94918 25.92473 25.89735 25.86798 25.83727 25.80568 25.77352 25.74105 25.7085 25.67608 25.64395 25.6122 25.5808 25.54971 25.51888 25.48827
26.34664 26.34896 26.35108 26.35295 26.3545 26.35565 26.35638 26.35663 26.35638 26.3556 26.35425 26.3523 26.34967 26.3463 26.34212 26.33706 26.3311 26.32417 26.31627 26.3074 26.2976 26.28693 26.27537 26.2629 26.24947 26.23508 26.2199 26.20419 26.18834 26.17269 26.15754 26.143 26.12912 26.11587 26.10318 26.09085 26.07864 26.06622 26.05328 26.03995 26.0272 26.01777 26.0084 25.99549 25.97979 25.96223 25.94278 25.91981 25.89338 25.86426 25.83319 25.80077 25.76752 25.73384 25.70001 25.66629 25.63287 25.59989 25.56744 25.5355 25.50403 25.47301 25.44238
26.32412 26.3264 26.3285 26.33035 26.33189 26.33303 26.33372 26.33393 26.33365 26.33286 26.3315 26.32956 26.32694 26.32357 26.31939 26.31436 26.30841 26.30149 26.29358 26.28472 26.27494 26.26427 26.25268 26.24015 26.22663 26.21214 26.19686 26.18107 26.16516 26.14947 26.1343 26.11976 26.10593 26.09284 26.08057 26.06902 26.05789 26.04676 26.03501 26.02235 26.00889 26.00111 25.99309 25.97737 25.95829 25.93717 25.91405 25.8883 25.85983 25.82902 25.79643 25.76259 25.72803 25.69314 25.65825 25.62362 25.58944 25.55586 25.52294 25.4907 25.45911 25.42812 25.39775
26.30157 26.3039 26.30605 26.30796 26.30953 26.31068 26.31137 26.31159 26.31133 26.31056 26.30926 26.30735 26.30479 26.30148 26.29735 26.29239 26.28649 26.27963 26.27178 26.26297 26.25323 26.24258 26.23101 26.21849 26.20495 26.19048 26.17524 26.15952 26.14368 26.12806 26.11292 26.09837 26.08447 26.07137 26.05936 26.04856 26.03859 26.02908 26.01907 26.0089 25.99681 25.98468 25.97174 25.95396 25.93266 25.90892 25.88301 25.85487 25.82448 25.79209 25.75815 25.72312 25.68748 25.65164 25.61595 25.58065 25.54596 25.512 25.47887 25.44658 25.41512 25.38448 25.35462
