data/ASC/topo.asc
ncols         526
nrows         626
xllcorner     -13649947.421443
yllcorner     4637615.7421359
cellsize      0.91307512910743
NODATA_value  -9999
[rows 112 to 139 of 626, columns 126 to 188 of 526]
31.92009 31.91653 31.91183 31.90593 31.8988 31.89049 31.88096 31.8701 31.85769 31.84344 31.8271 31.80848 31.78739 31.76355 31.73675 31.70666 31.67293 31.63575 31.59493 31.55159 31.50572 31.45741 31.40683 31.35512 31.3008 31.24237 31.18125 31.11853 31.05272 30.98469 30.91577 30.84715 30.77934 30.71218 30.64585 30.58174 30.52205 30.46841 30.42138 30.38047 30.34509 30.31502 30.29086 30.27235 30.26168 30.25655 30.25609 30.26213 30.28277 30.30526 30.31753 30.30698 30.29023 30.28482 30.3094 30.3528 30.39502 30.42782 30.45915 30.48396 30.51084 30.54441 30.57887
31.89136 31.88851 31.88451 31.8793 31.87288 31.86527 31.85641 31.84611 31.83414 31.82019 31.80402 31.78549 31.76437 31.74035 31.7132 31.68259 31.64818 31.61029 31.56888 31.52518 31.47901 31.43038 31.37964 31.32753 31.27154 31.21087 31.14771 31.08246 31.01314 30.94144 30.86913 30.79699 30.72506 30.65317 30.58227 30.51471 30.45328 30.39926 30.35246 30.31175 30.2764 30.24645 30.22272 30.20567 30.19633 30.19376 30.19576 30.20493 30.23019 30.24438 30.25696 30.24536 30.2362 30.24477 30.28147 30.32193 30.35676 30.38785 30.41362 30.44449 30.47201 30.50801 30.54432
31.86029 31.85816 31.85487 31.85039 31.84473 31.83786 31.82966 31.81995 31.80843 31.7948 31.77889 31.76055 31.73951 31.71546 31.68814 31.65724 31.62249 31.58435 31.54291 31.49943 31.45354 31.40516 31.35476 31.30232 31.24461 31.18208 31.11732 31.0496 30.9768 30.9018 30.82648 30.7507 30.67406 30.59688 30.52118 30.45034 30.38726 30.33253 30.28513 30.24348 30.20706 30.17646 30.15291 30.1373 30.12952 30.13009 30.13337 30.14758 30.16894 30.18918 30.18841 30.18916 30.18848 30.21236 30.25046 30.28612 30.31892 30.3454 30.37207 30.39977 30.43561 30.46971 30.50534
31.82672 31.82531 31.82276 31.81906 31.81418 31.80807 31.80058 31.79146 31.7804 31.76715 31.75155 31.7335 31.71269 31.68879 31.66156 31.63069 31.59601 31.55815 31.5173 31.47464 31.42963 31.38203 31.33237 31.27962 31.22034 31.15658 31.09065 31.02047 30.94445 30.86675 30.78868 30.70874 30.62642 30.54304 30.46197 30.38736 30.32188 30.26526 30.21586 30.17202 30.13381 30.10244 30.07952 30.06597 30.06075 30.06452 30.06963 30.0877 30.10497 30.12783 30.13217 30.13468 30.1477 30.17509 30.21153 30.24772 30.27786 30.30756 30.3329 30.36333 30.39613 30.43159 30.46796
31.79049 31.78983 31.78807 31.78519 31.78113 31.77581 31.76902 31.76046 31.74986 31.73702 31.72185 31.70421 31.6838 31.66029 31.63345 31.60298 31.56888 31.53186 31.49224 31.451 31.40742 31.36107 31.31244 31.25941 31.199 31.13475 31.06804 30.99556 30.9169 30.83718 30.75621 30.67097 30.58139 30.4904 30.40275 30.32315 30.25381 30.19383 30.14132 30.09498 30.05556 30.02472 30.00407 29.9941 29.99319 30.00024 30.00951 30.02535 30.04985 30.06301 30.07922 30.08953 30.10793 30.13943 30.1703 30.20489 30.23474 30.26667 30.29527 30.32579 30.35984 30.39522 30.43143
31.75148 31.75161 31.7507 31.74869 31.74548 31.74093 31.7348 31.72678 31.71666 31.7043 31.68963 31.67255 31.65277 31.62991 31.60378 31.57416 31.54116 31.5056 31.46782 31.42853 31.3869 31.34216 31.29476 31.24163 31.1808 31.11685 31.04979 30.97541 30.89493 30.8138 30.72905 30.63668 30.5377 30.43721 30.34124 30.25496 30.18029 30.11614 30.06088 30.01371 29.97581 29.94868 29.93317 29.92899 29.93483 29.9462 29.96064 29.9738 30.00098 30.01566 30.03238 30.05267 30.07012 30.09827 30.13084 30.16296 30.19543 30.22329 30.25535 30.28835 30.32252 30.35799 30.39467
31.70967 31.71066 31.71065 31.70955 31.70719 31.70338 31.69786 31.69035 31.68069 31.66884 31.65479 31.63844 31.61949 31.59759 31.57256 31.54425 31.51289 31.47934 31.44396 31.40706 31.36779 31.32496 31.27903 31.22622 31.16583 31.103 31.03616 30.9606 30.87928 30.79697 30.70687 30.60518 30.49446 30.38244 30.27628 30.1818 30.10116 30.03375 29.97837 29.93444 29.90295 29.88458 29.87859 29.88124 29.89748 29.91525 29.93328 29.95148 29.96962 29.98784 30.00616 30.02464 30.04324 30.0678 30.0978 30.12508 30.15977 30.18798 30.21809 30.25124 30.28602 30.32188 30.35891
31.6651 31.667 31.66794 31.66775 31.66621 31.66309 31.65809 31.65103 31.64184 31.63056 31.61724 31.60178 31.58391 31.56328 31.53975 31.51321 31.48401 31.45297 31.42043 31.38626 31.34967 31.30902 31.26486 31.213 31.15408 31.09324 31.02748 30.95171 30.8706 30.78696 30.68969 30.57676 30.45251 30.32744 30.20966 30.10625 30.02042 29.9526 29.90189 29.86709 29.84778 29.84356 29.8593 29.89073 29.92315 29.95211 29.97749 29.99949 30.01821 30.03325 30.04549 30.05478 30.06043 30.06659 30.08328 30.10195 30.12922 30.15819 30.1873 30.21815 30.25106 30.28617 30.32327
31.61789 31.62075 31.62267 31.62337 31.62258 31.62003 31.61548 31.60881 31.60006 31.58941 31.57695 31.5626 31.54606 31.52702 31.50535 31.48102 31.4544 31.42627 31.39687 31.36573 31.33201 31.29383 31.25181 31.20177 31.14533 31.08749 31.02396 30.94923 30.86961 30.78437 30.67895 30.55405 30.41599 30.27733 30.1473 30.03499 29.94567 29.88146 29.84134 29.8221 29.82302 29.85289 29.89395 29.93992 29.98337 30.02058 30.05144 30.07633 30.09476 30.10749 30.11433 30.11676 30.11553 30.11424 30.11698 30.1196 30.12538 30.14168 30.16497 30.19238 30.22236 30.25525 30.29072
31.56826 31.57211 31.57498 31.5765 31.57635 31.57428 31.57007 31.56374 31.55547 31.54551 31.53403 31.52097 31.50602 31.48886 31.46938 31.4476 31.42388 31.39894 31.37287 31.3449 31.31421 31.27879 31.23936 31.19213 31.13919 31.08556 31.02567 30.95362 30.87707 30.79064 30.6783 30.54261 30.39273 30.24125 30.09906 29.97781 29.88598 29.82862 29.80421 29.80653 29.84394 29.89777 29.95804 30.01807 30.07067 30.11263 30.14575 30.17072 30.18791 30.19739 30.20031 30.19781 30.19165 30.18289 30.17528 30.16796 30.16244 30.16175 30.16458 30.18079 30.20379 30.23154 30.26314
31.51647 31.52128 31.52505 31.52732 31.52772 31.526 31.52205 31.51603 31.50826 31.4991 31.48874 31.47715 31.464 31.44895 31.43192 31.41293 31.39231 31.37069 31.34799 31.32326 31.29564 31.2633 31.22689 31.18348 31.13498 31.08688 31.03226 30.96498 30.89369 30.80821 30.69319 30.55031 30.3933 30.23132 30.07741 29.94558 29.84867 29.79786 29.79391 29.83244 29.8971 29.97375 30.0504 30.12008 30.17809 30.22077 30.25187 30.2738 30.28724 30.29296 30.29206 30.28592 30.27564 30.2629 30.24813 30.23368 30.21991 30.20864 30.20165 30.20099 30.20404 30.22075 30.24537
31.46283 31.46856 31.47318 31.4761 31.47693 31.47547 31.47173 31.46603 31.4588 31.45055 31.44146 31.43148 31.42028 31.40752 31.3931 31.37703 31.35959 31.34127 31.32187 31.30031 31.27572 31.24669 31.21364 31.17488 31.13165 31.09029 31.0427 30.9828 30.91956 30.83965 30.7289 30.58537 30.42829 30.26018 30.09538 29.94892 29.83819 29.78496 29.81176 29.88704 29.98321 30.0815 30.1702 30.24332 30.30121 30.34075 30.36564 30.38072 30.38789 30.38799 30.38229 30.3725 30.35963 30.34369 30.32606 30.30744 30.28815 30.27027 30.25611 30.24607 30.23989 30.23993 30.24492
31.4077 31.41431 31.41971 31.4232 31.42437 31.4231 31.41955 31.4142 31.40762 31.40036 31.39266 31.38443 31.37529 31.36489 31.35313 31.34001 31.3257 31.31052 31.29419 31.27559 31.2539 31.2282 31.19871 31.16508 31.1277 31.09381 31.05496 31.00517 30.9532 30.88564 30.78747 30.65291 30.5042 30.33705 30.16392 29.99929 29.86164 29.7813 29.86329 29.98508 30.11199 30.22556 30.31831 30.38736 30.43752 30.47019 30.48594 30.49166 30.48999 30.48222 30.4703 30.4552 30.43869 30.42049 30.40093 30.38098 30.35972 30.33854 30.32017 30.30474 30.29136 30.28106 30.27491
31.35147 31.35895 31.36511 31.36913 31.37057 31.36945 31.3661 31.36116 31.35534 31.34919 31.34296 31.33652 31.32946 31.32139 31.31224 31.30197 31.29061 31.27829 31.26471 31.24873 31.22964 31.20706 31.18106 31.15247 31.12111 31.09462 31.06575 31.02819 30.99046 30.94218 30.86457 30.75053 30.61885 30.4615 30.28583 30.11131 30.08322 29.93473 30.01425 30.15151 30.29173 30.40673 30.49112 30.54836 30.58306 30.60438 30.61059 30.60619 30.59513 30.57913 30.55924 30.53731 30.51514 30.49294 30.47093 30.44977 30.42786 30.40575 30.3863 30.36897 30.35192 30.3353 30.32008
31.29462 31.30302 31.30999 31.31453 31.3162 31.31517 31.31203 31.30757 31.30259 31.29766 31.29295 31.28828 31.28321 31.27738 31.27069 31.26305 31.25436 31.24457 31.23328 31.21945 31.20247 31.1825 31.15965 31.13537 31.10958 31.08925 31.07047 31.04593 31.0237 30.99862 30.9476 30.86424 30.75711 30.61531 30.43465 30.23733 30.08322 30.08322 30.19135 30.35687 30.50624 30.61057 30.67506 30.71263 30.7294 30.73477 30.73205 30.71965 30.70131 30.67865 30.65194 30.62326 30.59411 30.56589 30.53889 30.51463 30.49132 30.46801 30.4481 30.43107 30.414 30.39564 30.37578
31.23767 31.24719 31.25513 31.26023 31.26202 31.26096 31.25796 31.25403 31.24999 31.24633 31.24315 31.24016 31.23691 31.23309 31.22857 31.22327 31.21696 31.20935 31.1999 31.18759 31.17206 31.15401 31.1337 31.11245 31.09098 31.07437 31.06391 31.05116 31.0424 31.03841 31.01527 30.96745 30.88923 30.76532 30.57235 30.32895 30.08322 30.07863 30.33159 30.56432 30.72408 30.80651 30.84442 30.85763 30.86018 30.85083 30.83974 30.82286 30.80108 30.77493 30.74536 30.71269 30.67794 30.64385 30.61057 30.58049 30.5534 30.52682 30.50459 30.48714 30.47113 30.45435 30.43514
31.18135 31.19241 31.20158 31.20723 31.20893 31.20751 31.20447 31.20105 31.19801 31.19564 31.19388 31.19238 31.19069 31.18855 31.18585 31.18253 31.17832 31.17269 31.16474 31.15329 31.13831 31.12147 31.10295 31.08324 31.06419 31.04786 31.04171 31.03727 31.03591 31.04292 31.041 31.0221 30.96828 30.85864 30.65995 30.38322 30.07863 30.27373 30.53306 30.75377 30.89488 30.94705 30.96224 30.96117 30.9524 30.94207 30.9248 30.90777 30.88539 30.85955 30.8308 30.79824 30.76272 30.72567 30.68782 30.65163 30.61932 30.58754 30.55963 30.5386 30.52176 30.50677 30.49058
31.1267 31.13984 31.15061 31.15675 31.15783 31.15539 31.15194 31.14897 31.14694 31.14579 31.14528 31.14497 31.14447 31.14357 31.14223 31.1405 31.13823 31.1347 31.12834 31.11705 31.1014 31.08516 31.06788 31.04831 31.03018 31.01047 31.00291 31.00047 30.99746 30.99931 31.00357 30.98498 30.92306 30.79256 30.58813 30.32115 30.07358 30.28162 30.52983 30.73915 30.88166 30.9677 30.99637 31.00202 31.00001 30.99224 30.98336 30.96854 30.9509 30.92801 30.90053 30.87101 30.83908 30.80353 30.76616 30.72685 30.6903 30.6543 30.61934 30.59129 30.56928 30.5529 30.53894
31.07534 31.09097 31.10365 31.11009 31.10968 31.10501 31.10061 31.09797 31.09688 31.09676 31.09715 31.09761 31.09781 31.09765 31.09719 31.09667 31.0963 31.09553 31.09183 31.08033 31.06181 31.04578 31.02953 31.00839 30.99197 30.97004 30.95329 30.94102 30.92531 30.91194 30.90339 30.86998 30.79881 30.66577 30.47052 30.243 30.06098 30.24256 30.46407 30.64985 30.77812 30.8891 30.95203 30.98419 31.00046 31.00668 31.00766 31.00414 30.99321 30.97722 30.95614 30.92976 30.90002 30.86881 30.83601 30.799 30.7616 30.72522 30.68595 30.65049 30.62065 30.59771 30.58173
31.02969 31.04705 31.06187 31.06833 31.06541 31.05663 31.05071 31.04827 31.04781 31.04821 31.04889 31.04953 31.04991 31.05001 31.05 31.05032 31.05183 31.05498 31.05684 31.04596 31.02132 31.00397 30.98813 30.96359 30.94093 30.91549 30.88797 30.86143 30.82832 30.792 30.75959 30.7209 30.63195 30.51533 30.34827 30.16703 30.043 30.21267 30.4088 30.56956 30.68777 30.7928 30.87138 30.92606 30.96418 30.99049 31.00341 31.01144 31.01086 31.00423 30.99157 30.97371 30.95096 30.92315 30.89191 30.86021 30.825 30.7916 30.75471 30.71604 30.67971 30.64809 30.62502
30.9923 31.0079 31.02519 31.03156 31.02588 31.01105 31.0033 31.00039 30.99954 30.9994 30.99944 30.99952 30.99953 30.99949 30.99969 31.00073 31.00406 31.01183 31.02347 31.01722 30.99104 30.95985 30.93195 30.90356 30.87625 30.84655 30.80924 30.76675 30.71648 30.65664 30.59963 30.54216 30.46957 30.35658 30.22626 30.09484 30.01884 30.1985 30.37065 30.48645 30.5885 30.68594 30.77116 30.84095 30.89594 30.93801 30.96771 30.99009 30.99995 31.00602 31.00552 30.99854 30.98575 30.96673 30.94154 30.91238 30.87872 30.84601 30.81519 30.78012 30.74363 30.70637 30.67495
30.95224 30.97116 30.99 30.99581 30.9904 30.97407 30.96201 30.95502 30.95108 30.94868 30.94704 30.94578 30.9448 30.94424 30.94476 30.94749 30.95428 30.96679 30.98176 30.97439 30.93788 30.89716 30.86052 30.82814 30.79803 30.76491 30.72128 30.66408 30.59875 30.52086 30.44175 30.37021 30.29737 30.21325 30.11498 30.02534 29.98777 30.18949 30.29299 30.38472 30.4767 30.57036 30.65979 30.73952 30.80674 30.86063 30.90185 30.93319 30.95569 30.97744 30.9942 31.00359 31.00467 30.99567 30.97855 30.95473 30.92937 30.89478 30.86378 30.83323 30.80244 30.76748 30.7319
30.90713 30.92517 30.94062 30.9463 30.94191 30.92943 30.91711 30.90763 30.90073 30.89558 30.89158 30.8883 30.88556 30.88349 30.8828 30.88446 30.88931 30.89653 30.90031 30.88668 30.85254 30.8115 30.77237 30.73828 30.70742 30.67282 30.62701 30.56077 30.48145 30.39323 30.29976 30.21656 30.14557 30.07936 30.01489 29.96234 29.94935 30.07195 30.17347 30.26509 30.35713 30.45189 30.54529 30.63174 30.70703 30.76915 30.818 30.85509 30.88251 30.90638 30.95352 30.98997 31.00753 31.01039 31.00196 30.98652 30.96409 30.94145 30.90967 30.87856 30.84921 30.82097 30.78871
30.85679 30.87259 30.88503 30.89011 30.88706 30.87772 30.86654 30.85612 30.84712 30.83946 30.83288 30.82706 30.82178 30.81698 30.81314 30.81085 30.80991 30.80834 30.80103 30.78121 30.74843 30.70953 30.67105 30.637 30.60664 30.57301 30.52724 30.46062 30.37217 30.27537 30.17766 30.08883 30.01906 29.96656 29.92644 29.90095 29.90359 29.98018 30.06483 30.15245 30.24437 30.34024 30.43602 30.52616 30.60615 30.67377 30.72881 30.77237 30.80933 30.85334 30.9083 30.95762 30.99263 31.0086 31.01022 31.00427 30.9915 30.97134 30.94964 30.92307 30.89132 30.86401 30.83645
30.80246 30.81598 30.82617 30.8305 30.82836 30.821 30.81099 30.80031 30.78992 30.78011 30.77098 30.76234 30.75391 30.74545 30.73704 30.729 30.72073 30.71031 30.69414 30.669 30.63592 30.59903 30.56208 30.52861 30.49888 30.46749 30.42388 30.36145 30.27362 30.17258 30.07265 29.98513 29.91877 29.87569 29.85142 29.84243 29.85413 29.90784 29.97805 30.05894 30.14815 30.2429 30.33841 30.42913 30.51082 30.58191 30.6429 30.69266 30.73679 30.79682 30.8578 30.91322 30.95765 30.98794 31.00037 31.00802 31.00549 30.99457 30.97729 30.95634 30.93401 30.90412 30.87654
30.74543 30.75693 30.76535 30.76891 30.76711 30.7608 30.75155 30.7408 30.7294 30.71782 30.70628 30.69474 30.68288 30.67025 30.65662 30.64215 30.62645 30.60807 30.58497 30.55567 30.52158 30.48584 30.45047 30.41746 30.3879 30.35793 30.31915 30.26086 30.18233 30.08399 29.98557 29.90105 29.83971 29.804 29.78999 29.79023 29.81009 29.85274 29.91346 29.98782 30.07259 30.16387 30.25645 30.34492 30.42542 30.49783 30.56647 30.62451 30.68188 30.74389 30.80529 30.86133 30.90818 30.94396 30.96994 30.99773 31.00777 31.00556 30.99697 30.98271 30.96313 30.94217 30.91683
30.68671 30.69636 30.70322 30.70594 30.70408 30.69819 30.68929 30.67841 30.66622 30.65314 30.63944 30.62512 30.60982 30.59298 30.57412 30.5533 30.53063 30.50539 30.47675 30.44426 30.40914 30.37389 30.33981 30.30715 30.277 30.24759 30.21215 30.16204 30.09106 30.00497 29.9129 29.83313 29.77703 29.74715 29.73993 29.74859 29.77248 29.81245 29.8682 29.93734 30.01703 30.10337 30.19128 30.27584 30.35307 30.42228 30.50207 30.56773 30.63028 30.69256 30.75254 30.80709 30.85369 30.89154 30.9244 30.97608 30.99786 31.00522 31.00648 31.00034 30.98784 30.96969 30.94852
30.62705 30.63491 30.64025 30.64199 30.63974 30.63383 30.62498 30.61389 30.60105 30.58672 30.57114 30.55431 30.53584 30.51507 30.49141 30.46481 30.43593 30.40485 30.37158 30.33652 30.30062 30.26557 30.23227 30.20016 30.16914 30.13912 30.10594 30.06226 30.00254 29.9276 29.84801 29.7768 29.72628 29.70111 29.69774 29.71124 29.74194 29.78393 29.83802 29.9033 29.97788 30.05873 30.14128 30.22244 30.29867 30.37144 30.44631 30.51485 30.57966 30.64207 30.70092 30.75449 30.80166 30.84338 30.88842 30.93826 30.97262 30.99492 31.00658 31.00943 31.004 30.99181 30.97477
